chemical_pattern,modification,ps_pattern,aso_sequence,offtarget_transcriptome,offtarget_genomewide,offtarget_rrna,rnaseh1_cleavage_fit
MMMMMddddddddddMMMMM,MOE/5-methylcytosines/deoxy,*******************,CCTCAAATTCTTTTCCAGCG,1906.0874570648405,1623.6766192581065,0.0,0.7403254470714286
MMMMMddddddddddMMMMM,MOE/5-methylcytosines/deoxy,*******************,TCCAGCGTTTCTACAGAGAC,0.0,0.0,0.0,0.7637864632857142
MMMMMddddddddddMMMMM,MOE/5-methylcytosines/deoxy,*******************,TTCCAGCGTTTCTACAGAGA,1799.4936987401784,1398.8458334958113,0.0,0.7645095452142858
MMMMMddddddddddMMMMM,MOE/5-methylcytosines/deoxy,*******************,CTCAAATTCTTTTCCAGCGT,1939.465840695628,1653.8299911292197,0.0,0.7463022060714286
MMMMMddddddddddMMMMM,MOE/5-methylcytosines/deoxy,*******************,GCCAAGAAGTTCCGTTTCCT,1951.3934365163295,1723.3194021099248,2024465250.0289204,0.7548460871428571
MMMMMddddddddddMMMMM,MOE/5-methylcytosines/deoxy,*******************,CGTTTCCTTTTTTCTGTTGC,584.2674636221581,351.43570860688146,0.0,0.7759367358571428
MMMMMddddddddddMMMMM,MOE/5-methylcytosines/deoxy,*******************,ACCGTGTTTCATCTACTTCC,489.8865074754227,0.0,11845464921.685028,0.7540267220000001
MMMMMddddddddddMMMMM,MOE/5-methylcytosines/deoxy,*******************,CCAGCGTTTCTACAGAGACT,0.0,0.0,0.0,0.7530934327142857
MMMMMddddddddddMMMMM,MOE/5-methylcytosines/deoxy,*******************,GCATTCATGTAGTTTCCCAT,579.5877137686548,185.67263467641004,0.0,0.7696232500714285
MMMMMddddddddddMMMMM,MOE/5-methylcytosines/deoxy,*******************,TTTCCAGCGTTTCTACAGAG,1863.4953256537738,1473.229867528383,0.0,0.7553246313571428
MMMMMddddddddddMMMMM,MOE/5-methylcytosines/deoxy,*******************,TTCCGTTTCCTTTTTTCTGT,2535.6609001384877,2074.7551107168065,2024465250.0289204,0.7500477967857143
MMMMMddddddddddMMMMM,MOE/5-methylcytosines/deoxy,*******************,ACTGAAGTCCTTTTCCCGCA,13390.954463525875,12273.953372729284,14232145047.524483,0.7507097858571429
MMMMMddddddddddMMMMM,MOE/5-methylcytosines/deoxy,*******************,CTTCTCTCTTTTTGTTGGCA,382.72952717095535,198.85264818050453,0.0,0.7688818745714284
MMMMMddddddddddMMMMM,MOE/5-methylcytosines/deoxy,*******************,CACGTTTTTCTTTTTCCTCT,541.203967437988,545.0770764044,0.0,0.7573192974999999
MMMMMddddddddddMMMMM,MOE/5-methylcytosines/deoxy,*******************,ATAGACTCTGCCAACCGTGT,6548.935077551479,5457.154247509016,1721107414.5036783,0.746047510142857
MMMMMddddddddddMMMMM,MOE/5-methylcytosines/deoxy,*******************,GCCAACCGTGTTTCATCTAC,2005.6796643403572,1309.770743525783,13566572336.188705,0.7706150454999998
MMMMMddddddddddMMMMM,MOE/5-methylcytosines/deoxy,*******************,TTCGATATGTGAAGTCTGGA,0.0,0.0,0.0,0.7479337383571428
MMMMMddddddddddMMMMM,MOE/5-methylcytosines/deoxy,*******************,ACACGTTTTTCTTTTTCCTC,362.0843479004766,368.8147245646917,0.0,0.7597716517142857
MMMMMddddddddddMMMMM,MOE/5-methylcytosines/deoxy,*******************,CGTTGTTTTCTGATCTGCTG,377.93702151420007,328.76867422008024,0.0,0.7481308935000001
MMMMMddddddddddMMMMM,MOE/5-methylcytosines/deoxy,*******************,CCGTGTTTCATCTACTTCCA,489.8865074754227,0.0,11845464921.685028,0.7600409487142857
MMMMMddddddddddMMMMM,MOE/5-methylcytosines/deoxy,*******************,CAGCATTCATGTAGTTTCCC,579.5877137686548,185.67263467641004,0.0,0.7704447886428571
MMMMMddddddddddMMMMM,MOE/5-methylcytosines/deoxy,*******************,CCAACCGTGTTTCATCTACT,335.4990220222413,0.0,11845464921.685028,0.7655880852142857
MMMMMddddddddddMMMMM,MOE/5-methylcytosines/deoxy,*******************,TGCCTCTTTTTTCTGCAATT,200.1915964549918,187.02533693462982,0.0,0.7737242123571428
MMMMMddddddddddMMMMM,MOE/5-methylcytosines/deoxy,*******************,CTGAAGTCCTTTTCCCGCAA,13384.264037719386,12283.976334378443,14232145047.524483,0.7523643667857142
MMMMMddddddddddMMMMM,MOE/5-methylcytosines/deoxy,*******************,GTTTCCTTTTTTCTGTTGCT,584.2674636221581,351.43570860688146,0.0,0.7737242123571428
MMMMMddddddddddMMMMM,MOE/5-methylcytosines/deoxy,*******************,CCTGAGTTTCTTGGTGGTCG,2417.132998446864,1494.4859954407889,0.0,0.7436673145714285
MMMMMddddddddddMMMMM,MOE/5-methylcytosines/deoxy,*******************,TACTGCGTATTCATCAGGGC,0.0,0.0,0.0,0.7647209717142857
MMMMMddddddddddMMMMM,MOE/5-methylcytosines/deoxy,*******************,GCTCATTAATCTTTGCCTCT,2346.937508993385,1169.1857943414568,0.0,0.7276637485
MMMMMddddddddddMMMMM,MOE/5-methylcytosines/deoxy,*******************,GTTCCGTTTCCTTTTTTCTG,2535.6609001384877,2074.7551107168065,2024465250.0289204,0.742232141
MMMMMddddddddddMMMMM,MOE/5-methylcytosines/deoxy,*******************,ACGTTTTTCTTTTTCCTCTG,1880.566534690482,1206.4733931499231,1349132017.6504462,0.749606764
MMMMMddddddddddMMMMM,MOE/5-methylcytosines/deoxy,*******************,CGTTTTTCTTTTTCCTCTGC,5760.029018926436,4707.394493654735,1349132017.6504462,0.7717313141428571
MMMMMddddddddddMMMMM,MOE/5-methylcytosines/deoxy,*******************,CTCTTCTCTCTTTTTGTTGG,382.72952717095535,364.163458336098,0.0,0.7466583737142857
MMMMMddddddddddMMMMM,MOE/5-methylcytosines/deoxy,*******************,GCTTGATCTATGCAAATGTC,0.0,0.0,0.0,0.7313610005
MMMMMddddddddddMMMMM,MOE/5-methylcytosines/deoxy,*******************,CCGTTTCCTTTTTTCTGTTG,2495.8302515961936,2005.6604270423895,2024465250.0289204,0.777157794142857
MMMMMddddddddddMMMMM,MOE/5-methylcytosines/deoxy,*******************,TGGTCGGTAAACTCTTTTTC,0.0,0.0,0.0,0.7556183839285715
MMMMMddddddddddMMMMM,MOE/5-methylcytosines/deoxy,*******************,AGGGTACTTCTCTTCACATA,206.27343817894172,203.66039358360902,0.0,0.7624198764285716
MMMMMddddddddddMMMMM,MOE/5-methylcytosines/deoxy,*******************,CCAGCATTCATGTAGTTTCC,0.0,0.0,0.0,0.7252480459285715
MMMMMddddddddddMMMMM,MOE/5-methylcytosines/deoxy,*******************,GTCTCTCTTTCTTGCTCCCT,9224.837061519702,8621.964142121702,0.0,0.7546579317857143
MMMMMddddddddddMMMMM,MOE/5-methylcytosines/deoxy,*******************,GTGTCTCATATTGTTCTTTT,0.0,0.0,0.0,0.7345376410714285
MMMMMddddddddddMMMMM,MOE/5-methylcytosines/deoxy,*******************,TCCGAAGGTTTGAGCATTCC,0.0,0.0,0.0,0.7431675041428571
MMMMMddddddddddMMMMM,MOE/5-methylcytosines/deoxy,*******************,GGGTACTTCTCTTCACATAT,206.27343817894172,203.66039358360902,0.0,0.763593995
MMMMMddddddddddMMMMM,MOE/5-methylcytosines/deoxy,*******************,GCCTCTTTTTTCTGCAATTC,0.0,0.0,0.0,0.7708481000714286
MMMMMddddddddddMMMMM,MOE/5-methylcytosines/deoxy,*******************,CCGAAGGTTTGAGCATTCCG,187.66288560604863,0.0,0.0,0.7560207777142856
MMMMMddddddddddMMMMM,MOE/5-methylcytosines/deoxy,*******************,GCGTTGTTTTCTGATCTGCT,195.53909887976667,0.0,0.0,0.7555200913571428
MMMMMddddddddddMMMMM,MOE/5-methylcytosines/deoxy,*******************,AGCATTCATGTAGTTTCCCA,579.5877137686548,185.67263467641004,0.0,0.769223730357143
MMMMMddddddddddMMMMM,MOE/5-methylcytosines/deoxy,*******************,TCAAATTCTTTTCCAGCGTT,1939.465840695628,1653.8299911292197,0.0,0.7707491493571429
MMMMMddddddddddMMMMM,MOE/5-methylcytosines/deoxy,*******************,TCTTTATCTCTTCGCAGGCA,2123.573045543821,2418.7557025587953,0.0,0.7495956444285715
MMMMMddddddddddMMMMM,MOE/5-methylcytosines/deoxy,*******************,GCAGATTATCCATCACTCCT,544.9361181199021,350.85343772281914,0.0,0.7303116782857142
MMMMMddddddddddMMMMM,MOE/5-methylcytosines/deoxy,*******************,CGGTAAACTCTTTTTCAAAT,0.0,0.0,0.0,0.7472732512857144
MMMMMddddddddddMMMMM,MOE/5-methylcytosines/deoxy,*******************,TCTGATTTCCTCATATGGCA,449.95726908342994,201.76160450934773,0.0,0.7558367423571429
MMMMMddddddddddMMMMM,MOE/5-methylcytosines/deoxy,*******************,GTGTCCTTTAGTTTACAGAG,0.0,0.0,0.0,0.7611893336428571
MMMMMddddddddddMMMMM,MOE/5-methylcytosines/deoxy,*******************,CAGCGTTTCTACAGAGACTT,0.0,0.0,0.0,0.7577520250714286
MMMMMddddddddddMMMMM,MOE/5-methylcytosines/deoxy,*******************,CTTTGCCTCTTTTTTCTGCA,3642.95859105168,2340.0300539520094,0.0,0.7537132349999999
MMMMMddddddddddMMMMM,MOE/5-methylcytosines/deoxy,*******************,TTCACATATTTCTACCAGGA,1075.510046830671,1034.3491060913627,0.0,0.7564871217142858
MMMMMddddddddddMMMMM,MOE/5-methylcytosines/deoxy,*******************,CTGCGTATTCATCAGGGCTT,0.0,0.0,0.0,0.7510050739285713
MMMMMddddddddddMMMMM,MOE/5-methylcytosines/deoxy,*******************,TCCGTTTCCTTTTTTCTGTT,2535.6609001384877,2063.3280751939133,2024465250.0289204,0.7491936029285714
MMMMMddddddddddMMMMM,MOE/5-methylcytosines/deoxy,*******************,AGTTCCGTTTCCTTTTTTCT,2175.7260813787325,1723.3194021099248,2024465250.0289204,0.7599213622142857
MMMMMddddddddddMMMMM,MOE/5-methylcytosines/deoxy,*******************,GTCTCATATTGTTCTTTTGC,0.0,0.0,0.0,0.7693636493571427
MMMMMddddddddddMMMMM,MOE/5-methylcytosines/deoxy,*******************,GTTGTTTTCTGATCTGCTGA,377.93702151420007,328.76867422008024,0.0,0.7501856172142857
MMMMMddddddddddMMMMM,MOE/5-methylcytosines/deoxy,*******************,GCCAGCATTCATGTAGTTTC,0.0,0.0,0.0,0.7201260654285715
MMMMMddddddddddMMMMM,MOE/5-methylcytosines/deoxy,*******************,TCTTTCTTTGGTTTCAACCC,183.60951857124917,181.49866944138043,0.0,0.7657692599285715
MMMMMddddddddddMMMMM,MOE/5-methylcytosines/deoxy,*******************,CTTCTCATGCTGATTTCAGG,362.31907554159454,0.0,0.0,0.7521639964285713
MMMMMddddddddddMMMMM,MOE/5-methylcytosines/deoxy,*******************,CTCTCTTTCTTGCTCCCTGG,16662.504655495082,15888.173558594119,562299034.5413343,0.7431342015
MMMMMddddddddddMMMMM,MOE/5-methylcytosines/deoxy,*******************,GCTCAGGTTCACATAAGTTG,176.94989049185304,0.0,0.0,0.7591153366428572
MMMMMddddddddddMMMMM,MOE/5-methylcytosines/deoxy,*******************,TTCTCATGCTGATTTCAGGT,362.31907554159454,0.0,0.0,0.7568775200714286
MMMMMddddddddddMMMMM,MOE/5-methylcytosines/deoxy,*******************,ATCCACGTTTTCATACTTAT,0.0,0.0,0.0,0.7605470516428571
MMMMMddddddddddMMMMM,MOE/5-methylcytosines/deoxy,*******************,TCTCATATTGTTCTTTTGCA,0.0,0.0,0.0,0.7670725951428571
MMMMMddddddddddMMMMM,MOE/5-methylcytosines/deoxy,*******************,TGACACGTTTTTCTTTTTCC,0.0,0.0,0.0,0.7714026837142856
MMMMMddddddddddMMMMM,MOE/5-methylcytosines/deoxy,*******************,GCTCTTCTTTATCTCTTCGC,476.51459070705835,643.3589555178709,0.0,0.7734952638571427
MMMMMddddddddddMMMMM,MOE/5-methylcytosines/deoxy,*******************,TTCATTCTCTGACAGTGGCT,912.927527207235,531.1176635240305,0.0,0.7546299324285713
MMMMMddddddddddMMMMM,MOE/5-methylcytosines/deoxy,*******************,TCTCTCTTTCTTGCTCCCTG,13005.073628470573,12194.577787409218,469666049.68364245,0.7550574515
MMMMMddddddddddMMMMM,MOE/5-methylcytosines/deoxy,*******************,GTTCTGATGCTTTCTCTTCA,446.072434473224,201.40276021436978,0.0,0.7591059123571428
MMMMMddddddddddMMMMM,MOE/5-methylcytosines/deoxy,*******************,AGACTCTGCCAACCGTGTTT,6563.439974879843,5469.979672998704,1721107414.5036783,0.7380734405714288
MMMMMddddddddddMMMMM,MOE/5-methylcytosines/deoxy,*******************,AGTTTCTTTAACTGTGCTCC,2797.682426430638,2659.525617043161,0.0,0.749613143
MMMMMddddddddddMMMMM,MOE/5-methylcytosines/deoxy,*******************,CGAAGGTTTGAGCATTCCGG,600.0678006337804,363.09929670976624,0.0,0.7516289555714285
MMMMMddddddddddMMMMM,MOE/5-methylcytosines/deoxy,*******************,TTCCTTTTTTCTGTTGCTTT,359.9348187597551,351.43570860688146,0.0,0.7597716517142857
MMMMMddddddddddMMMMM,MOE/5-methylcytosines/deoxy,*******************,GTGTCCTTTTTCTTCTGTCG,1166.8757567127054,1185.9004563692692,0.0,0.7762745800714287
MMMMMddddddddddMMMMM,MOE/5-methylcytosines/deoxy,*******************,AGTTCATTCTCTGACAGTGG,1143.156392443981,531.1176635240305,0.0,0.7342039021428571
MMMMMddddddddddMMMMM,MOE/5-methylcytosines/deoxy,*******************,CTGAGTTTCTTGGTGGTCGG,2944.278225373665,2127.975720658291,0.0,0.7482886285
MMMMMddddddddddMMMMM,MOE/5-methylcytosines/deoxy,*******************,CTGCACTTTCTGATTTTCAT,203.60119662112348,0.0,0.0,0.7435814834285713
MMMMMddddddddddMMMMM,MOE/5-methylcytosines/deoxy,*******************,GTTCATTCTCTGACAGTGGC,1125.6946227616536,531.1176635240305,0.0,0.7300747805714286
MMMMMddddddddddMMMMM,MOE/5-methylcytosines/deoxy,*******************,GGTCTCTCTTTCTTGCTCCC,8958.873370526198,8370.190186409933,0.0,0.7515007114999998
MMMMMddddddddddMMMMM,MOE/5-methylcytosines/deoxy,*******************,CTGCTGATTTTGTGTCCTTT,752.230612075514,391.1866389772769,0.0,0.752382669
MMMMMddddddddddMMMMM,MOE/5-methylcytosines/deoxy,*******************,TTCTGATTTCCTCATATGGC,449.95726908342994,201.76160450934773,0.0,0.7552088860714286
MMMMMddddddddddMMMMM,MOE/5-methylcytosines/deoxy,*******************,ATTCTTTTCCAGCGTTTCTA,1939.465840695628,1653.8299911292197,0.0,0.7466164077142858
MMMMMddddddddddMMMMM,MOE/5-methylcytosines/deoxy,*******************,AGCCAAGAAGTTCCGTTTCC,1911.4560915574843,1701.490192045591,2024465250.0289204,0.7511420095
MMMMMddddddddddMMMMM,MOE/5-methylcytosines/deoxy,*******************,CTTTAGTTTACAGAGAGAGC,0.0,0.0,0.0,0.7498435680714285
MMMMMddddddddddMMMMM,MOE/5-methylcytosines/deoxy,*******************,AGTTGCTATATTCACTCTTG,0.0,0.0,0.0,0.7412841300714285
MMMMMddddddddddMMMMM,MOE/5-methylcytosines/deoxy,*******************,CTCAGCTGCCTTGATCCTCC,11500.775684896047,10044.221217337941,0.0,0.7216256345
MMMMMddddddddddMMMMM,MOE/5-methylcytosines/deoxy,*******************,GTGTTTCATCTACTTCCAAT,166.6013823716573,0.0,0.0,0.7343051721428572
MMMMMddddddddddMMMMM,MOE/5-methylcytosines/deoxy,*******************,ACATCTTTTGGCATCGGTGT,1295.8648121372908,1432.5829321431079,0.0,0.759360615142857
MMMMMddddddddddMMMMM,MOE/5-methylcytosines/deoxy,*******************,CTCATTAATCTTTGCCTCTT,3251.2292953262763,1981.11272897952,0.0,0.7325735845714286
MMMMMddddddddddMMMMM,MOE/5-methylcytosines/deoxy,*******************,GTGGCTTTGGAAAGTTCTCC,1558.7183593799373,671.2732526161278,0.0,0.7442907277142857
MMMMMddddddddddMMMMM,MOE/5-methylcytosines/deoxy,*******************,CTCAGGTTCACATAAGTTGC,176.94989049185304,0.0,0.0,0.7292195474285714
MMMMMddddddddddMMMMM,MOE/5-methylcytosines/deoxy,*******************,CTTCTAGTTTTGCTTGATCT,0.0,0.0,0.0,0.7481467079285714
MMMMMddddddddddMMMMM,MOE/5-methylcytosines/deoxy,*******************,TTTCCTTTTTTCTGTTGCTT,584.2674636221581,351.43570860688146,0.0,0.7644212123571429
MMMMMddddddddddMMMMM,MOE/5-methylcytosines/deoxy,*******************,GACACGTTTTTCTTTTTCCT,185.73934421538928,193.61770494886042,0.0,0.7663757234285713
MMMMMddddddddddMMMMM,MOE/5-methylcytosines/deoxy,*******************,CTAAGAGTTCATTCTCTGAC,241.3590338452264,0.0,0.0,0.754178443
MMMMMddddddddddMMMMM,MOE/5-methylcytosines/deoxy,*******************,AGCGTTGTTTTCTGATCTGC,180.9972089467372,0.0,0.0,0.7809030823571429
MMMMMddddddddddMMMMM,MOE/5-methylcytosines/deoxy,*******************,GTGGTCGGTAAACTCTTTTT,500.0614050199722,598.8372094409433,0.0,0.7403521734285715
MMMMMddddddddddMMMMM,MOE/5-methylcytosines/deoxy,*******************,TCGTAATCTTGCCAGCAGGG,6562.272831498334,5428.953306673895,0.0,0.7641297865714287
MMMMMddddddddddMMMMM,MOE/5-methylcytosines/deoxy,*******************,TCCACGTTTTCATACTTATT,0.0,0.0,0.0,0.7531100535714285
MMMMMddddddddddMMMMM,MOE/5-methylcytosines/deoxy,*******************,TCTCATGCTGATTTCAGGTT,362.31907554159454,0.0,0.0,0.7660624339285713
MMMMMddddddddddMMMMM,MOE/5-methylcytosines/deoxy,*******************,ATACTGCGTATTCATCAGGG,0.0,0.0,0.0,0.7576368257857141
MMMMMddddddddddMMMMM,MOE/5-methylcytosines/deoxy,*******************,ACTGCGTATTCATCAGGGCT,0.0,0.0,0.0,0.7571640523571428
MMMMMddddddddddMMMMM,MOE/5-methylcytosines/deoxy,*******************,GCAGGGCTTCAACTTCGGGA,2361.8157470082197,2163.0074361539573,0.0,0.7354632750714284
MMMMMddddddddddMMMMM,MOE/5-methylcytosines/deoxy,*******************,ACGCTTTTTCTTTTGTTGGC,243.15060002755894,248.5493514584774,0.0,0.7592345802142857
MMMMMddddddddddMMMMM,MOE/5-methylcytosines/deoxy,*******************,TCATTCTCTGACAGTGGCTT,923.9177870640967,531.1176635240305,0.0,0.7534088741428572
MMMMMddddddddddMMMMM,MOE/5-methylcytosines/deoxy,*******************,ATCAGGGCTTTTAGACACTG,0.0,0.0,0.0,0.7636256820714286
MMMMMddddddddddMMMMM,MOE/5-methylcytosines/deoxy,*******************,TGTCCTTTAGTTTACAGAGA,0.0,0.0,0.0,0.774293683
MMMMMddddddddddMMMMM,MOE/5-methylcytosines/deoxy,*******************,TCTTCTCTCTTTTTGTTGGC,382.72952717095535,198.85264818050453,0.0,0.7453501209999999
MMMMMddddddddddMMMMM,MOE/5-methylcytosines/deoxy,*******************,GGTGTCCTTTTTCTTCTGTC,1166.8757567127054,1185.9004563692692,0.0,0.7759367358571428
MMMMMddddddddddMMMMM,MOE/5-methylcytosines/deoxy,*******************,TTTAACTGTGCTCCACACCA,7546.837297108791,6492.568100829224,2801012380.51002,0.7463212705714286
MMMMMddddddddddMMMMM,MOE/5-methylcytosines/deoxy,*******************,CGCTTTTTCTTTTGTTGGCG,1837.6419350016236,1584.0898232814102,0.0,0.7519630795000001
MMMMMddddddddddMMMMM,MOE/5-methylcytosines/deoxy,*******************,ATGTACTGCATCACCATTTC,389.38344102565304,378.7385120791633,0.0,0.7388626170714286
MMMMMddddddddddMMMMM,MOE/5-methylcytosines/deoxy,*******************,GCACTTTCTGATTTTCATGG,0.0,0.0,0.0,0.7489645589285715
MMMMMddddddddddMMMMM,MOE/5-methylcytosines/deoxy,*******************,CTCTTCTTTATCTCTTCGCA,488.22857146552747,667.4193693479201,0.0,0.7738947835714285
MMMMMddddddddddMMMMM,MOE/5-methylcytosines/deoxy,*******************,TTTCCTCATATGGCACCCGA,12566.624736853271,11814.373299100305,3351329605.2432,0.7246651793571429
MMMMMddddddddddMMMMM,MOE/5-methylcytosines/deoxy,*******************,CGAGCTCTAGCATTTAGGTG,0.0,0.0,0.0,0.7357763433571428
MMMMMddddddddddMMMMM,MOE/5-methylcytosines/deoxy,*******************,CTTCTTTATCTCTTCGCAGG,507.8479265722698,842.8476167194165,0.0,0.7522135405
MMMMMddddddddddMMMMM,MOE/5-methylcytosines/deoxy,*******************,GCCTGAGTTTCTTGGTGGTC,1625.6129865979888,1628.9120211704942,0.0,0.7504024479285715
MMMMMddddddddddMMMMM,MOE/5-methylcytosines/deoxy,*******************,ATCGGTGTCCTTTTTCTTCT,2000.070755146451,1788.074488482844,0.0,0.7696867302142858
MMMMMddddddddddMMMMM,MOE/5-methylcytosines/deoxy,*******************,GGCATCGGTGTCCTTTTTCT,2051.2793666956163,2064.627323091051,0.0,0.774972295857143
MMMMMddddddddddMMMMM,MOE/5-methylcytosines/deoxy,*******************,CCGAACATCTTTTGGCATCG,0.0,0.0,0.0,0.7444515331428571
MMMMMddddddddddMMMMM,MOE/5-methylcytosines/deoxy,*******************,CCTTTTTTCTGTTGCTTTCT,728.6259962820371,539.7874532450619,0.0,0.7586765772857144
MMMMMddddddddddMMMMM,MOE/5-methylcytosines/deoxy,*******************,GAGTTCATTCTCTGACAGTG,946.0733475156471,334.5828106358589,0.0,0.7270584699285713
MMMMMddddddddddMMMMM,MOE/5-methylcytosines/deoxy,*******************,CTTCACATTGCTCATCACAA,0.0,0.0,0.0,0.745170783
MMMMMddddddddddMMMMM,MOE/5-methylcytosines/deoxy,*******************,GTCCTTTTCCCGCAATGGTG,13384.760216906912,12306.647054838333,14232145047.524483,0.7418626745000001
MMMMMddddddddddMMMMM,MOE/5-methylcytosines/deoxy,*******************,TCTTCTTTATCTCTTCGCAG,507.8479265722698,687.5508537723945,0.0,0.7612864702857143
MMMMMddddddddddMMMMM,MOE/5-methylcytosines/deoxy,*******************,GTAGTCTCTTCACATTGCTC,0.0,0.0,0.0,0.7441291249285715
MMMMMddddddddddMMMMM,MOE/5-methylcytosines/deoxy,*******************,CTTCACATATTTCTACCAGG,1050.5706426482598,1021.4183198607116,0.0,0.7433827723571429
MMMMMddddddddddMMMMM,MOE/5-methylcytosines/deoxy,*******************,CGTGTTTCATCTACTTCCAA,166.6013823716573,0.0,0.0,0.7355262304285716
MMMMMddddddddddMMMMM,MOE/5-methylcytosines/deoxy,*******************,TCATCATTCTGATTTCCTCA,233.99199736110342,0.0,0.0,0.751255613142857
MMMMMddddddddddMMMMM,MOE/5-methylcytosines/deoxy,*******************,GCTGCCTTGATCCTCCCAGT,20862.83568351485,19761.733575759103,4663119949.600025,0.779647711142857
MMMMMddddddddddMMMMM,MOE/5-methylcytosines/deoxy,*******************,TCTCTTTCTTGCTCCCTGGA,16844.05847971885,16080.1313375756,562299034.5413343,0.7640419554285715
MMMMMddddddddddMMMMM,MOE/5-methylcytosines/deoxy,*******************,CCTTTAGTTTACAGAGAGAG,0.0,0.0,0.0,0.761197608
MMMMMddddddddddMMMMM,MOE/5-methylcytosines/deoxy,*******************,CCACGTTTTCATACTTATTT,0.0,0.0,0.0,0.7491850657857143
MMMMMddddddddddMMMMM,MOE/5-methylcytosines/deoxy,*******************,GGCAACTAGAAGGCACAGTC,0.0,0.0,0.0,0.7639592041428571
MMMMMddddddddddMMMMM,MOE/5-methylcytosines/deoxy,*******************,GTTTTTCTTTTTCCTCTGCT,5849.9457153026615,4765.68827803159,1349132017.6504462,0.770510255857143
MMMMMddddddddddMMMMM,MOE/5-methylcytosines/deoxy,*******************,AGCAGATTATCCATCACTCC,531.5040328701388,350.85343772281914,0.0,0.7311299877142856
MMMMMddddddddddMMMMM,MOE/5-methylcytosines/deoxy,*******************,TCTTTGCCTCTTTTTTCTGC,3661.4458390158434,2358.317359255112,0.0,0.758105057142857
MMMMMddddddddddMMMMM,MOE/5-methylcytosines/deoxy,*******************,TTGGTGGTCGGTAAACTCTT,1510.0600374329981,1107.9061454180055,0.0,0.7469758167142858
MMMMMddddddddddMMMMM,MOE/5-methylcytosines/deoxy,*******************,TGGTGGTCGGTAAACTCTTT,1510.0600374329981,1107.9061454180055,0.0,0.7403125872142857
MMMMMddddddddddMMMMM,MOE/5-methylcytosines/deoxy,*******************,GTTTCTTTAACTGTGCTCCA,2892.2431665463373,2776.254281483679,0.0,0.7389691453571429
MMMMMddddddddddMMMMM,MOE/5-methylcytosines/deoxy,*******************,TCTGATTTTCATGGTTACAA,0.0,0.0,0.0,0.7571971002857143
MMMMMddddddddddMMMMM,MOE/5-methylcytosines/deoxy,*******************,ATCTCTTTCAATCCACAACG,0.0,0.0,0.0,0.7451657588571429
MMMMMddddddddddMMMMM,MOE/5-methylcytosines/deoxy,*******************,TCTCTTTCAATCCACAACGC,0.0,0.0,0.0,0.7342929112142856
MMMMMddddddddddMMMMM,MOE/5-methylcytosines/deoxy,*******************,GGCATCTTGCTTTCCCGGCA,17468.413074996657,16658.489179212404,43215905961.32321,0.772286347142857
MMMMMddddddddddMMMMM,MOE/5-methylcytosines/deoxy,*******************,CTCATATTGTTCTTTTGCAC,0.0,0.0,0.0,0.7674721148571428
MMMMMddddddddddMMMMM,MOE/5-methylcytosines/deoxy,*******************,TGGTGCCTTTTTATCTTCAT,3022.8233373913326,1904.6295735570059,0.0,0.7874127039285713
MMMMMddddddddddMMMMM,MOE/5-methylcytosines/deoxy,*******************,GCGTATTCATCAGGGCTTTT,0.0,0.0,0.0,0.7363239629285714
MMMMMddddddddddMMMMM,MOE/5-methylcytosines/deoxy,*******************,TCTGCAATTCAGCCTGAGTT,6455.498109742056,6098.921972332906,0.0,0.7381532920714285
MMMMMddddddddddMMMMM,MOE/5-methylcytosines/deoxy,*******************,TCAGTATATCAGGGTACTTC,0.0,0.0,0.0,0.7271565717142856
MMMMMddddddddddMMMMM,MOE/5-methylcytosines/deoxy,*******************,GGTGGTCGGTAAACTCTTTT,1302.2227237443212,922.0224537037061,0.0,0.7421194643571428
MMMMMddddddddddMMMMM,MOE/5-methylcytosines/deoxy,*******************,TCCAATATCATCATTCTGAT,0.0,0.0,0.0,0.7340776114285715
MMMMMddddddddddMMMMM,MOE/5-methylcytosines/deoxy,*******************,TGCTCTTCTTTATCTCTTCG,0.0,0.0,0.0,0.7632403540714287
MMMMMddddddddddMMMMM,MOE/5-methylcytosines/deoxy,*******************,CGGGAACTGATTCATTTTTA,325.69695960977094,303.1036598962911,0.0,0.7348269944285714
MMMMMddddddddddMMMMM,MOE/5-methylcytosines/deoxy,*******************,CCTCTTTTTTCTGCAATTCA,0.0,0.0,0.0,0.7687176607142856
MMMMMddddddddddMMMMM,MOE/5-methylcytosines/deoxy,*******************,CTTTATCTCTTCGCAGGCAG,2478.3509763083766,2614.2879164473884,0.0,0.7465865767142857
MMMMMddddddddddMMMMM,MOE/5-methylcytosines/deoxy,*******************,GTTGCTATATTCACTCTTGA,0.0,0.0,0.0,0.7362571697857143
MMMMMddddddddddMMMMM,MOE/5-methylcytosines/deoxy,*******************,GGTCGGTAAACTCTTTTTCA,0.0,0.0,0.0,0.7148108889285715
MMMMMddddddddddMMMMM,MOE/5-methylcytosines/deoxy,*******************,TCTCTCTTTTTGTTGGCAAC,382.72952717095535,198.85264818050453,0.0,0.7737242123571428
MMMMMddddddddddMMMMM,MOE/5-methylcytosines/deoxy,*******************,AGTAGCGTTGTTTTCTGATC,0.0,0.0,0.0,0.8025175852142856
MMMMMddddddddddMMMMM,MOE/5-methylcytosines/deoxy,*******************,TCAGGGCTTTTAGACACTGT,0.0,0.0,0.0,0.770709828
MMMMMddddddddddMMMMM,MOE/5-methylcytosines/deoxy,*******************,TGTCTCATATTGTTCTTTTG,0.0,0.0,0.0,0.732527123
MMMMMddddddddddMMMMM,MOE/5-methylcytosines/deoxy,*******************,CAACCGTGTTTCATCTACTT,335.4990220222413,0.0,11845464921.685028,0.7543535861428572
MMMMMddddddddddMMMMM,MOE/5-methylcytosines/deoxy,*******************,CCAAGAAGTTCCGTTTCCTT,1951.3934365163295,1723.3194021099248,2024465250.0289204,0.7467718259999999
MMMMMddddddddddMMMMM,MOE/5-methylcytosines/deoxy,*******************,GGCACAGTCGAGGCTGATCA,3021.844302807527,3149.9854018444726,0.0,0.7530740810000001
MMMMMddddddddddMMMMM,MOE/5-methylcytosines/deoxy,*******************,AGTTCTGATGCTTTCTCTTC,446.072434473224,201.40276021436978,0.0,0.7603765058571429
MMMMMddddddddddMMMMM,MOE/5-methylcytosines/deoxy,*******************,CTCTAGCATTTAGGTGACCT,173.12934704151607,173.86960791892412,0.0,0.7481774395
MMMMMddddddddddMMMMM,MOE/5-methylcytosines/deoxy,*******************,TCCTTTTTTCTGTTGCTTTC,728.6259962820371,539.7874532450619,0.0,0.7592345802142857
MMMMMddddddddddMMMMM,MOE/5-methylcytosines/deoxy,*******************,CCGCAATGGTGCCTTTTTAT,4007.7044080312994,3066.1082875374345,0.0,0.7472335250000001
MMMMMddddddddddMMMMM,MOE/5-methylcytosines/deoxy,*******************,AGCTGCCTTGATCCTCCCAG,20826.500441804696,19712.202492924607,4663119949.600025,0.7870847092142856
MMMMMddddddddddMMMMM,MOE/5-methylcytosines/deoxy,*******************,TGCTTGATCTATGCAAATGT,0.0,0.0,0.0,0.7391166487142856
MMMMMddddddddddMMMMM,MOE/5-methylcytosines/deoxy,*******************,TGTGTCCTTTAGTTTACAGA,193.50732962715054,191.05600440416742,0.0,0.7489798186428571
MMMMMddddddddddMMMMM,MOE/5-methylcytosines/deoxy,*******************,TGCTCAGGTTCACATAAGTT,176.94989049185304,0.0,0.0,0.7584874803571429
MMMMMddddddddddMMMMM,MOE/5-methylcytosines/deoxy,*******************,CTCTCTTTTTGTTGGCAACA,195.4888982347541,375.38579364898567,0.0,0.7812142885
MMMMMddddddddddMMMMM,MOE/5-methylcytosines/deoxy,*******************,TTCTTTATCTCTTCGCAGGC,2090.7858562419187,2387.1603938514227,0.0,0.7477260113571429
MMMMMddddddddddMMMMM,MOE/5-methylcytosines/deoxy,*******************,ATTCAATCTTCTCATGCTGA,362.31907554159454,0.0,0.0,0.7565395205
MMMMMddddddddddMMMMM,MOE/5-methylcytosines/deoxy,*******************,GCGAGCTCTAGCATTTAGGT,341.2273189773141,159.8664431335718,0.0,0.7341479620714286
MMMMMddddddddddMMMMM,MOE/5-methylcytosines/deoxy,*******************,CCAGAAACAGTTTTCAGTCA,0.0,0.0,0.0,0.7410978277857144
MMMMMddddddddddMMMMM,MOE/5-methylcytosines/deoxy,*******************,AGCTCGTAATCTTGCCAGCA,3033.467403970516,2791.8219560903813,0.0,0.725489438642857
MMMMMddddddddddMMMMM,MOE/5-methylcytosines/deoxy,*******************,AGCTCATTAATCTTTGCCTC,2282.0514759769057,1141.4300739334146,0.0,0.7354613758571428
MMMMMddddddddddMMMMM,MOE/5-methylcytosines/deoxy,*******************,TCCAATTCCTTCTCAAGCTG,979.1135384038917,767.6003277028024,0.0,0.7321966998571428
MMMMMddddddddddMMMMM,MOE/5-methylcytosines/deoxy,*******************,TCCTGAGGTGAGATCTGTCG,5352.082294442705,4204.322401077921,509378187.0378747,0.7517424735714286
MMMMMddddddddddMMMMM,MOE/5-methylcytosines/deoxy,*******************,CTTGGTGGTCGGTAAACTCT,1683.1228446458765,1107.9061454180055,0.0,0.7574043808571428
MMMMMddddddddddMMMMM,MOE/5-methylcytosines/deoxy,*******************,CATAGACTCTGCCAACCGTG,6548.935077551479,5447.255251306794,1721107414.5036783,0.7368625962857144
MMMMMddddddddddMMMMM,MOE/5-methylcytosines/deoxy,*******************,TTTTCTTTTGTTGGCGTTCG,2542.320337464397,2243.7917243544453,1243951000.1720843,0.7914691982857143
MMMMMddddddddddMMMMM,MOE/5-methylcytosines/deoxy,*******************,CAGCAGATTATCCATCACTC,0.0,0.0,0.0,0.736954875642857
MMMMMddddddddddMMMMM,MOE/5-methylcytosines/deoxy,*******************,CTGAATCATAGACTCTGCCA,3912.282603185308,3102.0779238478117,0.0,0.7470714932857144
MMMMMddddddddddMMMMM,MOE/5-methylcytosines/deoxy,*******************,GTTCAGCTCTAATATCTTCA,0.0,0.0,0.0,0.728519399
MMMMMddddddddddMMMMM,MOE/5-methylcytosines/deoxy,*******************,CGCAATGGTGCCTTTTTATC,3619.640719520531,2476.1025980714285,0.0,0.7510184447142858
MMMMMddddddddddMMMMM,MOE/5-methylcytosines/deoxy,*******************,AGAAGTTCCGTTTCCTTTTT,1951.3934365163295,1723.3194021099248,2024465250.0289204,0.7467079862142857
MMMMMddddddddddMMMMM,MOE/5-methylcytosines/deoxy,*******************,CCATGTTTTCGTGTAACTTC,0.0,183.77146408305146,0.0,0.7547012764285714
MMMMMddddddddddMMMMM,MOE/5-methylcytosines/deoxy,*******************,TCCTTTTCCCGCAATGGTGC,13550.660663518684,12467.984793225576,14232145047.524483,0.7319841265714286
MMMMMddddddddddMMMMM,MOE/5-methylcytosines/deoxy,*******************,ATTCTCTGACAGTGGCTTTG,924.9784062282915,531.1176635240305,0.0,0.7506592791428572
MMMMMddddddddddMMMMM,MOE/5-methylcytosines/deoxy,*******************,TCAGCCTGAGTTTCTTGGTG,4557.158283303403,4484.618558581524,0.0,0.7531570384285714
MMMMMddddddddddMMMMM,MOE/5-methylcytosines/deoxy,*******************,AGCGAGCTCTAGCATTTAGG,541.79363634089,336.201849741426,0.0,0.7199224803571428
MMMMMddddddddddMMMMM,MOE/5-methylcytosines/deoxy,*******************,GTTCTAAGAGTTCATTCTCT,0.0,0.0,0.0,0.735581610857143
MMMMMddddddddddMMMMM,MOE/5-methylcytosines/deoxy,*******************,ACAAACTTTCAGAACAGGCC,181.08847475437432,180.4440379208271,0.0,0.7350202028571429
MMMMMddddddddddMMMMM,MOE/5-methylcytosines/deoxy,*******************,CAGCTCTAATATCTTCAAGG,0.0,0.0,0.0,0.729057881
MMMMMddddddddddMMMMM,MOE/5-methylcytosines/deoxy,*******************,AAGTCCTTTTCCCGCAATGG,13353.802371820284,12309.138947013449,14232145047.524483,0.764580939
MMMMMddddddddddMMMMM,MOE/5-methylcytosines/deoxy,*******************,TTTCTTTAACTGTGCTCCAC,2955.8648712139843,2828.4637222194365,2801012380.51002,0.7298471826428571
MMMMMddddddddddMMMMM,MOE/5-methylcytosines/deoxy,*******************,GAGCATTCCGGGAGCCAGCA,15004.153463603434,14233.026221856397,5791574595.239432,0.7173667652142858
MMMMMddddddddddMMMMM,MOE/5-methylcytosines/deoxy,*******************,TGCGTATTCATCAGGGCTTT,0.0,0.0,0.0,0.7387273587142857
MMMMMddddddddddMMMMM,MOE/5-methylcytosines/deoxy,*******************,TGTAGTGTGAACGTGACCCT,4489.346664760635,3661.151570092441,0.0,0.7614871282142859
MMMMMddddddddddMMMMM,MOE/5-methylcytosines/deoxy,*******************,GCCTCAAATTCTTTTCCAGC,200.39371695593073,165.79477944539312,0.0,0.7311405332142857
MMMMMddddddddddMMMMM,MOE/5-methylcytosines/deoxy,*******************,TTCAGTCATTTCATGAGGTC,0.0,0.0,0.0,0.755535036642857
MMMMMddddddddddMMMMM,MOE/5-methylcytosines/deoxy,*******************,TTCCTCATATGGCACCCGAA,12558.206320912384,11806.21413972644,3351329605.2432,0.7318952874285715
MMMMMddddddddddMMMMM,MOE/5-methylcytosines/deoxy,*******************,TCTAGTCTTTTTCGATATGT,0.0,0.0,0.0,0.7660196702857143
MMMMMddddddddddMMMMM,MOE/5-methylcytosines/deoxy,*******************,CAGGGCTTTTAGACACTGTA,0.0,0.0,0.0,0.7699867460714286
MMMMMddddddddddMMMMM,MOE/5-methylcytosines/deoxy,*******************,GAAGTCCTTTTCCCGCAATG,13338.702174180533,12294.270708275682,14232145047.524483,0.7720179370714284
MMMMMddddddddddMMMMM,MOE/5-methylcytosines/deoxy,*******************,GTTGGCGTTCGAGTCTTTCT,701.1723479165066,669.319029595685,1243951000.1720843,0.7395849345714287
MMMMMddddddddddMMMMM,MOE/5-methylcytosines/deoxy,*******************,CTCTTTTTTCTGCAATTCAG,0.0,0.0,0.0,0.7665839194285714
MMMMMddddddddddMMMMM,MOE/5-methylcytosines/deoxy,*******************,AACCGTGTTTCATCTACTTC,323.2851251037654,0.0,11845464921.685028,0.7614804910000001
MMMMMddddddddddMMMMM,MOE/5-methylcytosines/deoxy,*******************,CTGGAATTCTTATGCTGGCA,357.898694152435,184.642792253904,0.0,0.7364331675714286
MMMMMddddddddddMMMMM,MOE/5-methylcytosines/deoxy,*******************,TCTGAATCATAGACTCTGCC,3817.4762800889853,3027.1292445589334,0.0,0.7111909519285714
MMMMMddddddddddMMMMM,MOE/5-methylcytosines/deoxy,*******************,TTTTTCTTTTGTTGGCGTTC,1870.9483216358817,1604.7857969648987,0.0,0.7783648489285714
MMMMMddddddddddMMMMM,MOE/5-methylcytosines/deoxy,*******************,AGGGCTTTTAGACACTGTAT,0.0,0.0,0.0,0.7580634960714285
MMMMMddddddddddMMMMM,MOE/5-methylcytosines/deoxy,*******************,GCTTTGTCTAAAGGTTCCAA,0.0,0.0,0.0,0.72285559
MMMMMddddddddddMMMMM,MOE/5-methylcytosines/deoxy,*******************,GTCCTTTTTCTTCTGTCGCG,1280.7686628789281,1308.1212741969484,0.0,0.7707105482857143
MMMMMddddddddddMMMMM,MOE/5-methylcytosines/deoxy,*******************,GGCAATATCTCTTTCAATCC,0.0,0.0,0.0,0.7310255687142858
MMMMMddddddddddMMMMM,MOE/5-methylcytosines/deoxy,*******************,TTCATTTCTGATGTGAAGCC,0.0,0.0,0.0,0.7460279249285715
MMMMMddddddddddMMMMM,MOE/5-methylcytosines/deoxy,*******************,GTCGAGGCTGATCAGCGAGC,3099.464198238688,3040.0297387409128,0.0,0.7502424744285714
MMMMMddddddddddMMMMM,MOE/5-methylcytosines/deoxy,*******************,CGCTTCCTTCTTCTCAGCTG,4434.573884557868,4182.733974016627,0.0,0.772133079142857
MMMMMddddddddddMMMMM,MOE/5-methylcytosines/deoxy,*******************,CATGTTTTCGTGTAACTTCG,0.0,0.0,0.0,0.7442727122857143
MMMMMddddddddddMMMMM,MOE/5-methylcytosines/deoxy,*******************,AGCTTTGTCTAAAGGTTCCA,0.0,0.0,0.0,0.7541923720714286
MMMMMddddddddddMMMMM,MOE/5-methylcytosines/deoxy,*******************,CTCTAATATCTTCAAGGCGA,0.0,0.0,0.0,0.7306113046428572
MMMMMddddddddddMMMMM,MOE/5-methylcytosines/deoxy,*******************,CTGCCAACCGTGTTTCATCT,2906.959510894935,2340.855476342795,13566572336.188705,0.700540868
MMMMMddddddddddMMMMM,MOE/5-methylcytosines/deoxy,*******************,GCTAAGGTTAAATCCGAAGG,0.0,0.0,0.0,0.742336558
MMMMMddddddddddMMMMM,MOE/5-methylcytosines/deoxy,*******************,GCTCTAGCATTTAGGTGACC,173.12934704151607,173.86960791892412,0.0,0.7504684937142857
MMMMMddddddddddMMMMM,MOE/5-methylcytosines/deoxy,*******************,CTTTTGTTGGCGTTCGAGTC,2534.6394135532364,2235.7913621094062,1243951000.1720843,0.7514960359285714
MMMMMddddddddddMMMMM,MOE/5-methylcytosines/deoxy,*******************,CAGGGTACTTCTCTTCACAT,206.27343817894172,203.66039358360902,0.0,0.7521649666428571
MMMMMddddddddddMMMMM,MOE/5-methylcytosines/deoxy,*******************,TCGATATGTGAAGTCTGGAT,0.0,0.0,0.0,0.7547174852857144
MMMMMddddddddddMMMMM,MOE/5-methylcytosines/deoxy,*******************,TGTCCTTTTTCTTCTGTCGC,1498.0305211824775,1357.3279213100873,0.0,0.7712476197857142
MMMMMddddddddddMMMMM,MOE/5-methylcytosines/deoxy,*******************,GCTGATCAGCGAGCTCTAGC,558.1428241579363,369.1059798661547,0.0,0.7094525588571429
MMMMMddddddddddMMMMM,MOE/5-methylcytosines/deoxy,*******************,TGAGCATTCCGGGAGCCAGC,15035.942593345884,14281.794032572356,5791574595.239432,0.7280624827142858
MMMMMddddddddddMMMMM,MOE/5-methylcytosines/deoxy,*******************,GTTGCTTTCTACATTACACG,0.0,0.0,0.0,0.7589938057857143
MMMMMddddddddddMMMMM,MOE/5-methylcytosines/deoxy,*******************,ATCATCATTCTGATTTCCTC,233.99199736110342,0.0,0.0,0.7325250629999999
MMMMMddddddddddMMMMM,MOE/5-methylcytosines/deoxy,*******************,GAGCTCTAGCATTTAGGTGA,0.0,0.0,0.0,0.733645904
MMMMMddddddddddMMMMM,MOE/5-methylcytosines/deoxy,*******************,GTCCAAAGCTTTCCACCCAA,16978.79288785271,16189.425598761862,2326983114.6728487,0.7414428240000001
MMMMMddddddddddMMMMM,MOE/5-methylcytosines/deoxy,*******************,TTTTCCCGCAATGGTGCCTT,13405.40806021207,12172.253438161833,28861937880.65536,0.7052189240714285
MMMMMddddddddddMMMMM,MOE/5-methylcytosines/deoxy,*******************,CAGGAGATGTAACCAGGGCA,3865.4565630448783,2930.7535415905086,0.0,0.7740352069285713
MMMMMddddddddddMMMMM,MOE/5-methylcytosines/deoxy,*******************,ACAGTTTTCAGTCATTTCAT,0.0,0.0,0.0,0.7479563719285716
MMMMMddddddddddMMMMM,MOE/5-methylcytosines/deoxy,*******************,AGCAGGGCTTCAACTTCGGG,2301.7720935085295,2095.8325300317347,0.0,0.7398550972142858
MMMMMddddddddddMMMMM,MOE/5-methylcytosines/deoxy,*******************,ATGCTTCATCAAGTTCAGCT,0.0,0.0,0.0,0.7258142120714285
MMMMMddddddddddMMMMM,MOE/5-methylcytosines/deoxy,*******************,TGAGTTTCTTGGTGGTCGGT,2947.092457458482,2130.838376838328,0.0,0.7602438292142857
MMMMMddddddddddMMMMM,MOE/5-methylcytosines/deoxy,*******************,CTGAATTGTGCCGGAGGCCT,14527.147656727437,12795.861317349103,20870234211.031994,0.7596708542857142
MMMMMddddddddddMMMMM,MOE/5-methylcytosines/deoxy,*******************,CAGTCATTTCATGAGGTCTG,414.78163165566116,351.3472251667647,0.0,0.7427115667142858
MMMMMddddddddddMMMMM,MOE/5-methylcytosines/deoxy,*******************,AGGCACAGTCGAGGCTGATC,3021.844302807527,3164.718234847321,0.0,0.7378078705000001
MMMMMddddddddddMMMMM,MOE/5-methylcytosines/deoxy,*******************,CTAGTCTTTTTCGATATGTG,0.0,0.0,0.0,0.7647986119999999
MMMMMddddddddddMMMMM,MOE/5-methylcytosines/deoxy,*******************,TCATTTCTGATGTGAAGCCT,0.0,0.0,0.0,0.7438974855714287
MMMMMddddddddddMMMMM,MOE/5-methylcytosines/deoxy,*******************,TTCTTTTGTTGGCGTTCGAG,2572.120669552389,2274.104826560584,1243951000.1720843,0.7922308005714286
MMMMMddddddddddMMMMM,MOE/5-methylcytosines/deoxy,*******************,ACAGATGGCTGGCAACTAGA,4434.69837901445,3001.047222713116,0.0,0.7425342215714286
MMMMMddddddddddMMMMM,MOE/5-methylcytosines/deoxy,*******************,ATGGTGCCTTTTTATCTTCA,3022.8233373913326,1904.6295735570059,0.0,0.7803285579999998
MMMMMddddddddddMMMMM,MOE/5-methylcytosines/deoxy,*******************,TTGCTCTTCTTTATCTCTTC,0.0,0.0,0.0,0.755033244
MMMMMddddddddddMMMMM,MOE/5-methylcytosines/deoxy,*******************,TTATCTCTTCGCAGGCAGTA,2478.3509763083766,2614.2879164473884,0.0,0.741605414
MMMMMddddddddddMMMMM,MOE/5-methylcytosines/deoxy,*******************,TGGCAATATCTCTTTCAATC,0.0,0.0,0.0,0.7368394542857143
MMMMMddddddddddMMMMM,MOE/5-methylcytosines/deoxy,*******************,GAGACTTTACTAGCTTTGTC,0.0,0.0,0.0,0.7434816656428572
MMMMMddddddddddMMMMM,MOE/5-methylcytosines/deoxy,*******************,ATCTGCTGATTTTGTGTCCT,365.4830528443604,184.0648502810618,0.0,0.753291402
MMMMMddddddddddMMMMM,MOE/5-methylcytosines/deoxy,*******************,AGTCCTTTTCCCGCAATGGT,13353.802371820284,12309.138947013449,14232145047.524483,0.7628483662857144
MMMMMddddddddddMMMMM,MOE/5-methylcytosines/deoxy,*******************,AGTTTTGCTTGATCTATGCA,0.0,0.0,0.0,0.7814719300714285
MMMMMddddddddddMMMMM,MOE/5-methylcytosines/deoxy,*******************,GTTTTGCTTGATCTATGCAA,0.0,0.0,0.0,0.7703774044999999
MMMMMddddddddddMMMMM,MOE/5-methylcytosines/deoxy,*******************,AAGTTGCTATATTCACTCTT,0.0,0.0,0.0,0.7341999841428571
MMMMMddddddddddMMMMM,MOE/5-methylcytosines/deoxy,*******************,CTAAAGGTTCCAAATCATCC,0.0,0.0,0.0,0.7412415776428573
MMMMMddddddddddMMMMM,MOE/5-methylcytosines/deoxy,*******************,AGACGTATGAGTGTCTAGAT,0.0,0.0,0.0,0.7399693745
MMMMMddddddddddMMMMM,MOE/5-methylcytosines/deoxy,*******************,CTGATGCTTTCTCTTCAAAC,427.94801261468604,201.40276021436978,0.0,0.7539108093571427
MMMMMddddddddddMMMMM,MOE/5-methylcytosines/deoxy,*******************,CAGCATATCATCCGTCAGTG,1778.4569821740768,950.4019760477532,0.0,0.7361128154285714
MMMMMddddddddddMMMMM,MOE/5-methylcytosines/deoxy,*******************,GCTGATTTTGTGTCCTTTAG,582.8906668004465,219.59476885060585,0.0,0.7730032411428571
MMMMMddddddddddMMMMM,MOE/5-methylcytosines/deoxy,*******************,TTTTTTCTGCAATTCAGCCT,0.0,0.0,0.0,0.7310040966428574
MMMMMddddddddddMMMMM,MOE/5-methylcytosines/deoxy,*******************,GTGCCTTTTTATCTTCATTT,0.0,0.0,0.0,0.7697774303571429
MMMMMddddddddddMMMMM,MOE/5-methylcytosines/deoxy,*******************,GGGAGCCAGCATTCATGTAG,2345.374485356089,1537.2546879921902,0.0,0.7225841608571427
MMMMMddddddddddMMMMM,MOE/5-methylcytosines/deoxy,*******************,GAGTTTCTTGGTGGTCGGTA,2947.092457458482,2130.838376838328,0.0,0.7590227709285713
MMMMMddddddddddMMMMM,MOE/5-methylcytosines/deoxy,*******************,CTGGATCCATTCCATCTCTA,927.645618770135,340.6871851995996,0.0,0.7377909167857143
MMMMMddddddddddMMMMM,MOE/5-methylcytosines/deoxy,*******************,TTGAGCATTCCGGGAGCCAG,14867.814929553731,14136.998372282003,5791574595.239432,0.726076305142857
MMMMMddddddddddMMMMM,MOE/5-methylcytosines/deoxy,*******************,TCTGCTGATTTTGTGTCCTT,560.3341833716995,376.44763249359147,0.0,0.7599861572142858
MMMMMddddddddddMMMMM,MOE/5-methylcytosines/deoxy,*******************,AAGCTCATTAATCTTTGCCT,0.0,0.0,0.0,0.7414933565714286
MMMMMddddddddddMMMMM,MOE/5-methylcytosines/deoxy,*******************,GGTACTTCTCTTCACATATT,206.27343817894172,203.66039358360902,0.0,0.751670745
MMMMMddddddddddMMMMM,MOE/5-methylcytosines/deoxy,*******************,TTTCCATGTTTTCGTGTAAC,0.0,183.77146408305146,0.0,0.7811743801428571
MMMMMddddddddddMMMMM,MOE/5-methylcytosines/deoxy,*******************,CCGTAGTCTCTTCACATTGC,0.0,0.0,0.0,0.751696412357143
MMMMMddddddddddMMMMM,MOE/5-methylcytosines/deoxy,*******************,CCATACTGCGTATTCATCAG,177.7161255909927,175.79409613949963,0.0,0.7497159824285714
MMMMMddddddddddMMMMM,MOE/5-methylcytosines/deoxy,*******************,GCCGTAGTCTCTTCACATTG,0.0,0.0,0.0,0.7500392147857143
MMMMMddddddddddMMMMM,MOE/5-methylcytosines/deoxy,*******************,TCTTTTGTTGGCGTTCGAGT,2557.0892363169005,2258.7396455503435,1243951000.1720843,0.784959299857143
MMMMMddddddddddMMMMM,MOE/5-methylcytosines/deoxy,*******************,CTAGCATTTAGGTGACCTTA,371.57745595825713,173.86960791892412,0.0,0.7405090530714286
MMMMMddddddddddMMMMM,MOE/5-methylcytosines/deoxy,*******************,GTCTCTTCACATTGCTCATC,0.0,0.0,0.0,0.7370482127142858
MMMMMddddddddddMMMMM,MOE/5-methylcytosines/deoxy,*******************,TTCTTTAACTGTGCTCCACA,3983.138037195508,3496.243488449418,2801012380.51002,0.7239854271428572
MMMMMddddddddddMMMMM,MOE/5-methylcytosines/deoxy,*******************,AGAGTTCATTCTCTGACAGT,946.0733475156471,334.5828106358589,0.0,0.7378194104285715
MMMMMddddddddddMMMMM,MOE/5-methylcytosines/deoxy,*******************,TCCTCATATGGCACCCGAAA,12546.171651398354,11794.494473041943,3351329605.2432,0.7449996367857142
MMMMMddddddddddMMMMM,MOE/5-methylcytosines/deoxy,*******************,TTCCATGTTTTCGTGTAACT,0.0,183.77146408305146,0.0,0.7799530853571429
MMMMMddddddddddMMMMM,MOE/5-methylcytosines/deoxy,*******************,GGTGCCTTTTTATCTTCATT,690.2236469020115,324.5823510804795,0.0,0.7823857436428572
MMMMMddddddddddMMMMM,MOE/5-methylcytosines/deoxy,*******************,CCTTTTTCTTCTGTCGCGGA,3001.2109849247568,2675.4355202251345,490692883.7639787,0.7407702667857142
MMMMMddddddddddMMMMM,MOE/5-methylcytosines/deoxy,*******************,AGAGCCAAGAAGTTCCGTTT,0.0,0.0,0.0,0.7415467369285713
MMMMMddddddddddMMMMM,MOE/5-methylcytosines/deoxy,*******************,TGCTGATTTTGTGTCCTTTA,582.8906668004465,219.59476885060585,0.0,0.7638183272857143
MMMMMddddddddddMMMMM,MOE/5-methylcytosines/deoxy,*******************,CTTTCTTTGGTTTCAACCCA,176.11742325682295,0.0,0.0,0.7582123405714284
MMMMMddddddddddMMMMM,MOE/5-methylcytosines/deoxy,*******************,CGTAATCTTGCCAGCAGGGC,6696.8303449505165,5506.971965217276,0.0,0.7733147004285713
MMMMMddddddddddMMMMM,MOE/5-methylcytosines/deoxy,*******************,TGAAGTTATTCAGGTCAGTA,0.0,0.0,0.0,0.7396595024285714
MMMMMddddddddddMMMMM,MOE/5-methylcytosines/deoxy,*******************,CTCTTTCAATCCACAACGCA,0.0,0.0,0.0,0.7238643470714285
MMMMMddddddddddMMMMM,MOE/5-methylcytosines/deoxy,*******************,TCGAGGCTGATCAGCGAGCT,3027.7103075168784,2955.2258767609205,0.0,0.7496393137857141
MMMMMddddddddddMMMMM,MOE/5-methylcytosines/deoxy,*******************,AGTGTCTCATATTGTTCTTT,0.0,0.0,0.0,0.7329092597857143
MMMMMddddddddddMMMMM,MOE/5-methylcytosines/deoxy,*******************,GTGACCCTTCTGTCAACTGC,8134.838363128335,7058.75239956661,5971589425.016611,0.732317686642857
MMMMMddddddddddMMMMM,MOE/5-methylcytosines/deoxy,*******************,ACTTTTCCATGTTTTCGTGT,396.3542406412323,704.3744959738303,0.0,0.7857403071428571
MMMMMddddddddddMMMMM,MOE/5-methylcytosines/deoxy,*******************,TAGTTTTGCTTGATCTATGC,0.0,0.0,0.0,0.7414236995714286
MMMMMddddddddddMMMMM,MOE/5-methylcytosines/deoxy,*******************,ACTGCACTTTCTGATTTTCA,407.345207588158,0.0,0.0,0.7398774057857144
MMMMMddddddddddMMMMM,MOE/5-methylcytosines/deoxy,*******************,GTCCTTTAGTTTACAGAGAG,0.0,0.0,0.0,0.772163243642857
MMMMMddddddddddMMMMM,MOE/5-methylcytosines/deoxy,*******************,AGTCATTTCATGAGGTCTGA,414.78163165566116,351.3472251667647,0.0,0.7414902719285715
MMMMMddddddddddMMMMM,MOE/5-methylcytosines/deoxy,*******************,CTTCTTCTTTATGCTCATCA,0.0,0.0,0.0,0.7620192957857143
MMMMMddddddddddMMMMM,MOE/5-methylcytosines/deoxy,*******************,TGTAACTTCGAAAGTGTCTC,0.0,0.0,0.0,0.7448362107857144
MMMMMddddddddddMMMMM,MOE/5-methylcytosines/deoxy,*******************,AGAGACTTTACTAGCTTTGT,0.0,0.0,0.0,0.7560899789285713
MMMMMddddddddddMMMMM,MOE/5-methylcytosines/deoxy,*******************,CCAGCAGGGCTTCAACTTCG,3778.1906409204175,2871.2308201152678,0.0,0.7285670783571428
MMMMMddddddddddMMMMM,MOE/5-methylcytosines/deoxy,*******************,CGTATTCATCAGGGCTTTTA,0.0,0.0,0.0,0.7286932615
MMMMMddddddddddMMMMM,MOE/5-methylcytosines/deoxy,*******************,GCTTTTTCTTTTGTTGGCGT,1870.9483216358817,1604.7857969648987,0.0,0.7532653570000001
MMMMMddddddddddMMMMM,MOE/5-methylcytosines/deoxy,*******************,TTTCAGTCATTTCATGAGGT,0.0,0.0,0.0,0.7628634927857144
MMMMMddddddddddMMMMM,MOE/5-methylcytosines/deoxy,*******************,TTCTCTCTTTTTGTTGGCAA,382.72952717095535,198.85264818050453,0.0,0.770510255857143
MMMMMddddddddddMMMMM,MOE/5-methylcytosines/deoxy,*******************,GACTCTGCCAACCGTGTTTC,6702.952805885553,5450.85084268688,4102399548.8801727,0.7533396510714286
MMMMMddddddddddMMMMM,MOE/5-methylcytosines/deoxy,*******************,TGGCAACTAGAAGGCACAGT,0.0,0.0,0.0,0.7627850855714285
MMMMMddddddddddMMMMM,MOE/5-methylcytosines/deoxy,*******************,CTTTAGCTATTCTGACACGT,199.71916589688925,189.2263951080039,0.0,0.7410717510714285
MMMMMddddddddddMMMMM,MOE/5-methylcytosines/deoxy,*******************,TGCCAACCGTGTTTCATCTA,2058.882968899236,1354.633394419034,13566572336.188705,0.7827795670000001
MMMMMddddddddddMMMMM,MOE/5-methylcytosines/deoxy,*******************,CGAAAGTGTCTCATATTGTT,0.0,0.0,0.0,0.7523162200714287
MMMMMddddddddddMMMMM,MOE/5-methylcytosines/deoxy,*******************,ATTTCCTCATATGGCACCCG,12443.175833886145,11716.671385093312,3351329605.2432,0.7290525582857141
MMMMMddddddddddMMMMM,MOE/5-methylcytosines/deoxy,*******************,CATTCTCTGACAGTGGCTTT,923.9177870640967,531.1176635240305,0.0,0.7511963506428572
MMMMMddddddddddMMMMM,MOE/5-methylcytosines/deoxy,*******************,CTTTTTTCTGCAATTCAGCC,0.0,0.0,0.0,0.720749186857143
MMMMMddddddddddMMMMM,MOE/5-methylcytosines/deoxy,*******************,GGGAACTGATTCATTTTTAG,0.0,0.0,0.0,0.7370382571428572
MMMMMddddddddddMMMMM,MOE/5-methylcytosines/deoxy,*******************,TCTAGTTTTGCTTGATCTAT,0.0,0.0,0.0,0.7497881808571429
MMMMMddddddddddMMMMM,MOE/5-methylcytosines/deoxy,*******************,TCTTTCAATCCACAACGCAT,0.0,0.0,0.0,0.7019639565714285
MMMMMddddddddddMMMMM,MOE/5-methylcytosines/deoxy,*******************,ACATCTGTCATCATATTGGG,0.0,0.0,0.0,0.7754756757857144
MMMMMddddddddddMMMMM,MOE/5-methylcytosines/deoxy,*******************,TCAGGGTACTTCTCTTCACA,206.27343817894172,203.66039358360902,0.0,0.7453965514285714
MMMMMddddddddddMMMMM,MOE/5-methylcytosines/deoxy,*******************,GTAGCGTTGTTTTCTGATCT,0.0,0.0,0.0,0.7974906249285713
MMMMMddddddddddMMMMM,MOE/5-methylcytosines/deoxy,*******************,AAGAAGTTCCGTTTCCTTTT,1951.3934365163295,1723.3194021099248,2024465250.0289204,0.7396238402857142
MMMMMddddddddddMMMMM,MOE/5-methylcytosines/deoxy,*******************,TCAGTCATTTCATGAGGTCT,0.0,0.0,0.0,0.7534045972857142
MMMMMddddddddddMMMMM,MOE/5-methylcytosines/deoxy,*******************,TCGAAAGTGTCTCATATTGT,0.0,0.0,0.0,0.7415293262857142
MMMMMddddddddddMMMMM,MOE/5-methylcytosines/deoxy,*******************,TTTATCTCTTCGCAGGCAGT,2478.3509763083766,2614.2879164473884,0.0,0.7406450794285713
MMMMMddddddddddMMMMM,MOE/5-methylcytosines/deoxy,*******************,TCTTCTCATGCTGATTTCAG,362.31907554159454,0.0,0.0,0.7517644767142856
MMMMMddddddddddMMMMM,MOE/5-methylcytosines/deoxy,*******************,ACTGAATTGTGCCGGAGGCC,14328.440816857912,12618.095382292136,20870234211.031994,0.7488839604999998
MMMMMddddddddddMMMMM,MOE/5-methylcytosines/deoxy,*******************,CTTTAACTGTGCTCCACACC,7380.309658475248,6386.066510486391,2801012380.51002,0.7452953157857142
MMMMMddddddddddMMMMM,MOE/5-methylcytosines/deoxy,*******************,CTTCCTGCGCGGCATCTTGC,12351.67758188869,11251.534537067171,41790346139.1882,0.7205436496428571
MMMMMddddddddddMMMMM,MOE/5-methylcytosines/deoxy,*******************,TTGCCTCTTTTTTCTGCAAT,1076.3089775547248,856.6535582352965,0.0,0.770510255857143
MMMMMddddddddddMMMMM,MOE/5-methylcytosines/deoxy,*******************,GAAGCTCATTAATCTTTGCC,0.0,0.0,0.0,0.7410938368571428
MMMMMddddddddddMMMMM,MOE/5-methylcytosines/deoxy,*******************,TCTTGCTTTCCCGGCAGCCG,19850.55703620931,18774.760478960197,8512370433820.045,0.7432107192142857
MMMMMddddddddddMMMMM,MOE/5-methylcytosines/deoxy,*******************,TTCTGCAATTCAGCCTGAGT,6455.498109742056,6098.921972332906,0.0,0.7507616053571429
MMMMMddddddddddMMMMM,MOE/5-methylcytosines/deoxy,*******************,GGAACTGATTCATTTTTAGA,0.0,0.0,0.0,0.7523044676428572
MMMMMddddddddddMMMMM,MOE/5-methylcytosines/deoxy,*******************,TCTGTCATCATATTGGGGTG,0.0,0.0,0.0,0.7388972070714287
MMMMMddddddddddMMMMM,MOE/5-methylcytosines/deoxy,*******************,GTCCAGCATATCATCCGTCA,0.0,0.0,0.0,0.7436240869285714
MMMMMddddddddddMMMMM,MOE/5-methylcytosines/deoxy,*******************,ATTCAGCCTGAGTTTCTTGG,6614.7441980122885,6361.160018713356,0.0,0.7392472034285713
MMMMMddddddddddMMMMM,MOE/5-methylcytosines/deoxy,*******************,GTAACTTCGAAAGTGTCTCA,0.0,0.0,0.0,0.7426236872857143
MMMMMddddddddddMMMMM,MOE/5-methylcytosines/deoxy,*******************,TTTGCTCTTCTTTATCTCTT,0.0,0.0,0.0,0.7552306310714286
MMMMMddddddddddMMMMM,MOE/5-methylcytosines/deoxy,*******************,TCTTTAACTGTGCTCCACAC,4198.364903802533,3667.742320323073,2801012380.51002,0.7342403369285714
MMMMMddddddddddMMMMM,MOE/5-methylcytosines/deoxy,*******************,CTCTTTTTTTGATATTCTCC,0.0,0.0,0.0,0.7727233284285714
MMMMMddddddddddMMMMM,MOE/5-methylcytosines/deoxy,*******************,TAGACGTATGAGTGTCTAGA,0.0,0.0,0.0,0.7405725351428571
MMMMMddddddddddMMMMM,MOE/5-methylcytosines/deoxy,*******************,CTGATTTTCATGGTTACAAA,0.0,0.0,0.0,0.7499255995714286
MMMMMddddddddddMMMMM,MOE/5-methylcytosines/deoxy,*******************,TTAACTGTGCTCCACACCAT,7552.399792421866,6497.324375462094,2801012380.51002,0.759786052
MMMMMddddddddddMMMMM,MOE/5-methylcytosines/deoxy,*******************,AGTTTCTTGGTGGTCGGTAA,2947.092457458482,2130.838376838328,0.0,0.7610872172142857
MMMMMddddddddddMMMMM,MOE/5-methylcytosines/deoxy,*******************,CAAGAAGTTCCGTTTCCTTT,1951.3934365163295,1723.3194021099248,2024465250.0289204,0.7505567457142857
MMMMMddddddddddMMMMM,MOE/5-methylcytosines/deoxy,*******************,ATGAGGTCTGATCTTTAACC,0.0,0.0,0.0,0.7475572015
MMMMMddddddddddMMMMM,MOE/5-methylcytosines/deoxy,*******************,TTTGCCTCTTTTTTCTGCAA,1796.6318920483618,1356.278545082687,0.0,0.7688818745714284
MMMMMddddddddddMMMMM,MOE/5-methylcytosines/deoxy,*******************,CTAGTTTTGCTTGATCTATG,0.0,0.0,0.0,0.7431909904999999
MMMMMddddddddddMMMMM,MOE/5-methylcytosines/deoxy,*******************,TCCCAGTAGACGTATGAGTG,829.3683878439508,643.3961570779378,0.0,0.7494925494285714
MMMMMddddddddddMMMMM,MOE/5-methylcytosines/deoxy,*******************,TTCTCTGACAGTGGCTTTGG,2120.867239362027,1015.8501405203552,0.0,0.7641240605714287
MMMMMddddddddddMMMMM,MOE/5-methylcytosines/deoxy,*******************,CGGTGTCCTTTTTCTTCTGT,2011.1609748799642,1832.0486845501177,0.0,0.777157794142857
MMMMMddddddddddMMMMM,MOE/5-methylcytosines/deoxy,*******************,GTTCTTTTGCACTGATAACA,0.0,0.0,0.0,0.7427981917857143
MMMMMddddddddddMMMMM,MOE/5-methylcytosines/deoxy,*******************,GGTTCACATAAGTTGCTATA,0.0,0.0,0.0,0.7021410129285713
MMMMMddddddddddMMMMM,MOE/5-methylcytosines/deoxy,*******************,TCGGTGTCCTTTTTCTTCTG,2029.421236897789,1841.7112816736808,0.0,0.7523643667857142
MMMMMddddddddddMMMMM,MOE/5-methylcytosines/deoxy,*******************,GTCATTTCATGAGGTCTGAT,414.78163165566116,351.3472251667647,0.0,0.7533569099285715
MMMMMddddddddddMMMMM,MOE/5-methylcytosines/deoxy,*******************,GCCATACTGCGTATTCATCA,533.8676472409823,538.830748006674,0.0,0.7405310685714285
MMMMMddddddddddMMMMM,MOE/5-methylcytosines/deoxy,*******************,TTCTAGTTTTGCTTGATCTA,0.0,0.0,0.0,0.7570567602142856
MMMMMddddddddddMMMMM,MOE/5-methylcytosines/deoxy,*******************,TCTCCTTTATTGCTTGCATG,215.08040336086913,215.84583673498608,0.0,0.7612864702857143
MMMMMddddddddddMMMMM,MOE/5-methylcytosines/deoxy,*******************,TCGATTTCTTCTCTTCAATA,187.30373190655382,0.0,0.0,0.7554695245714286
MMMMMddddddddddMMMMM,MOE/5-methylcytosines/deoxy,*******************,AGCTATTCTGACACGTTTTT,0.0,0.0,0.0,0.7450457601428571
MMMMMddddddddddMMMMM,MOE/5-methylcytosines/deoxy,*******************,TGGCTTTGGAAAGTTCTCCA,1529.7990216170401,657.9545566588088,0.0,0.7446902474285714
MMMMMddddddddddMMMMM,MOE/5-methylcytosines/deoxy,*******************,TTCTGATTTTCATGGTTACA,0.0,0.0,0.0,0.7519747613571429
MMMMMddddddddddMMMMM,MOE/5-methylcytosines/deoxy,*******************,TTGTAGTGTGAACGTGACCC,2180.8274170848063,2430.071473656376,0.0,0.7586776869285715
MMMMMddddddddddMMMMM,MOE/5-methylcytosines/deoxy,*******************,CTTTTCCCGCAATGGTGCCT,13435.315893123576,12216.645817526614,28861937880.65536,0.7084679690714284
MMMMMddddddddddMMMMM,MOE/5-methylcytosines/deoxy,*******************,AGGATGCTTTCTTCCCCTAC,17170.35370429965,16193.252548467302,1954271746.4309878,0.7548929741428569
MMMMMddddddddddMMMMM,MOE/5-methylcytosines/deoxy,*******************,TTTGAAGTATTGTTGCCTTA,0.0,0.0,0.0,0.7356814927142857
MMMMMddddddddddMMMMM,MOE/5-methylcytosines/deoxy,*******************,TTCTGATGCTTTCTCTTCAA,446.072434473224,201.40276021436978,0.0,0.7517167145
MMMMMddddddddddMMMMM,MOE/5-methylcytosines/deoxy,*******************,TAGACTCTGCCAACCGTGTT,6562.425407839221,5469.979672998704,1721107414.5036783,0.7386105120714286
MMMMMddddddddddMMMMM,MOE/5-methylcytosines/deoxy,*******************,CTGTCATCATATTGGGGTGT,0.0,0.0,0.0,0.7368286952857144
MMMMMddddddddddMMMMM,MOE/5-methylcytosines/deoxy,*******************,CTGCCTTGATCCTCCCAGTA,20797.888650382483,19665.126477458696,4663119949.600025,0.7677244611428572
MMMMMddddddddddMMMMM,MOE/5-methylcytosines/deoxy,*******************,TTCTTTCTTTGGTTTCAACC,183.60951857124917,181.49866944138043,0.0,0.7555143501428571
MMMMMddddddddddMMMMM,MOE/5-methylcytosines/deoxy,*******************,CCTTTTCCCGCAATGGTGCC,13363.512761653494,12147.88745718478,28861937880.65536,0.7052540125714285
MMMMMddddddddddMMMMM,MOE/5-methylcytosines/deoxy,*******************,GTAGTGTGAACGTGACCCTT,4581.020181622114,3718.036202794973,0.0,0.747626290357143
MMMMMddddddddddMMMMM,MOE/5-methylcytosines/deoxy,*******************,TTGCTTTCCCGGCAGCCGCG,21428.0598312779,20384.421813250963,62730722166279.76,0.7255726722857142
MMMMMddddddddddMMMMM,MOE/5-methylcytosines/deoxy,*******************,TCAGCTGCCTTGATCCTCCC,19688.57453063212,18629.52152159144,3834133567.7905674,0.7350904159285715
MMMMMddddddddddMMMMM,MOE/5-methylcytosines/deoxy,*******************,TAGTCTTTTTCGATATGTGA,0.0,0.0,0.0,0.7572416926428571
MMMMMddddddddddMMMMM,MOE/5-methylcytosines/deoxy,*******************,TTGCTATATTCACTCTTGAA,0.0,0.0,0.0,0.7344898788571428
MMMMMddddddddddMMMMM,MOE/5-methylcytosines/deoxy,*******************,ACTGCATCACCATTTCTTTT,389.38344102565304,378.7385120791633,0.0,0.7224922922142857
MMMMMddddddddddMMMMM,MOE/5-methylcytosines/deoxy,*******************,CAGGGCTTCAACTTCGGGAA,1987.1100293295167,2148.0258277395933,0.0,0.7374988349285714
MMMMMddddddddddMMMMM,MOE/5-methylcytosines/deoxy,*******************,CTGATTTCCTCATATGGCAC,427.3556486118986,201.76160450934773,0.0,0.7254230180714286
MMMMMddddddddddMMMMM,MOE/5-methylcytosines/deoxy,*******************,GCGTTTCTACAGAGACTTTA,0.0,0.0,0.0,0.7198644190000001
MMMMMddddddddddMMMMM,MOE/5-methylcytosines/deoxy,*******************,GCATCTTGCTTTCCCGGCAG,17616.049632082173,16800.764459038193,43215905961.32321,0.7603630971428572
MMMMMddddddddddMMMMM,MOE/5-methylcytosines/deoxy,*******************,GGCCAGTTCCACCTTCTTTA,9530.986011667812,7675.469096852743,764356953.4261049,0.7417712231428572
MMMMMddddddddddMMMMM,MOE/5-methylcytosines/deoxy,*******************,TGAGACTCTGCCGAACATCT,5590.092528403417,4773.261735193813,0.0,0.7246980747857142
MMMMMddddddddddMMMMM,MOE/5-methylcytosines/deoxy,*******************,ATTCAGTATATCAGGGTACT,0.0,0.0,0.0,0.7405870508571428
MMMMMddddddddddMMMMM,MOE/5-methylcytosines/deoxy,*******************,TCTAGCATTTAGGTGACCTT,371.57745595825713,173.86960791892412,0.0,0.7527987534285714
MMMMMddddddddddMMMMM,MOE/5-methylcytosines/deoxy,*******************,TCCAGAAACAGTTTTCAGTC,0.0,0.0,0.0,0.7263458649285716
MMMMMddddddddddMMMMM,MOE/5-methylcytosines/deoxy,*******************,CGAACATCTTTTGGCATCGG,891.931964578444,866.1931915274234,0.0,0.7543353529285716
MMMMMddddddddddMMMMM,MOE/5-methylcytosines/deoxy,*******************,ACTAGCTTTGTCTAAAGGTT,0.0,0.0,0.0,0.7745640781428571
MMMMMddddddddddMMMMM,MOE/5-methylcytosines/deoxy,*******************,GTACTGCATCACCATTTCTT,389.38344102565304,378.7385120791633,0.0,0.7332937283571429
MMMMMddddddddddMMMMM,MOE/5-methylcytosines/deoxy,*******************,ATGTTTTCGTGTAACTTCGA,0.0,0.0,0.0,0.7664140525714286
MMMMMddddddddddMMMMM,MOE/5-methylcytosines/deoxy,*******************,ATCTTCTTCTTTATGCTCAT,0.0,0.0,0.0,0.7584445875714285
MMMMMddddddddddMMMMM,MOE/5-methylcytosines/deoxy,*******************,ACCTTCTTTAGAGGGAGGCA,1066.2578376868871,866.6457856291536,0.0,0.7438306611428571
MMMMMddddddddddMMMMM,MOE/5-methylcytosines/deoxy,*******************,CCCTTCTGTCAACTGCACTT,5316.516357642203,4215.334954423757,2381292134.3764944,0.7678117705
MMMMMddddddddddMMMMM,MOE/5-methylcytosines/deoxy,*******************,TTCTGAATCATAGACTCTGC,0.0,0.0,0.0,0.7007226710714285
MMMMMddddddddddMMMMM,MOE/5-methylcytosines/deoxy,*******************,CAAATTCTTTTCCAGCGTTT,1939.465840695628,1653.8299911292197,0.0,0.7665914570714285
MMMMMddddddddddMMMMM,MOE/5-methylcytosines/deoxy,*******************,AGCTCTAGCATTTAGGTGAC,0.0,0.0,0.0,0.7241794775714286
MMMMMddddddddddMMMMM,MOE/5-methylcytosines/deoxy,*******************,CCACAAACTGCTCAGGTTCA,544.0317155910648,377.8032651559424,0.0,0.7358924586428573
MMMMMddddddddddMMMMM,MOE/5-methylcytosines/deoxy,*******************,ATCTTCTCATGCTGATTTCA,362.31907554159454,0.0,0.0,0.7501360954285714
MMMMMddddddddddMMMMM,MOE/5-methylcytosines/deoxy,*******************,TACTGAAGTCCTTTTCCCGC,13172.80244282692,12060.033625392836,13467788094.09838,0.7487262952142857
MMMMMddddddddddMMMMM,MOE/5-methylcytosines/deoxy,*******************,TCTGATCTGCTGATTTTGTG,545.9987426484236,512.833524501142,0.0,0.7305267465714286
MMMMMddddddddddMMMMM,MOE/5-methylcytosines/deoxy,*******************,GCAATATCTCTTTCAATCCA,0.0,0.0,0.0,0.7505778092142857
MMMMMddddddddddMMMMM,MOE/5-methylcytosines/deoxy,*******************,ACCCTTCTGTCAACTGCACT,5427.348213096745,4344.460369427837,2381292134.3764944,0.768348842
MMMMMddddddddddMMMMM,MOE/5-methylcytosines/deoxy,*******************,GCTATTCTGACACGTTTTTC,0.0,0.0,0.0,0.7454452798571428
MMMMMddddddddddMMMMM,MOE/5-methylcytosines/deoxy,*******************,TTTCTGATGTGAAGCCTGAA,0.0,0.0,0.0,0.7511456074999999
MMMMMddddddddddMMMMM,MOE/5-methylcytosines/deoxy,*******************,GCAAATCCACGTTTTCATAC,0.0,0.0,0.0,0.7635168062857144
MMMMMddddddddddMMMMM,MOE/5-methylcytosines/deoxy,*******************,GTGGAGGTCTCTCTTTCTTG,1148.893752151465,541.5636868776982,0.0,0.7499341885000002
MMMMMddddddddddMMMMM,MOE/5-methylcytosines/deoxy,*******************,TCACATATTTCTACCAGGAA,1075.510046830671,1034.3491060913627,0.0,0.7577811615714286
MMMMMddddddddddMMMMM,MOE/5-methylcytosines/deoxy,*******************,AAGCTCGTAATCTTGCCAGC,2999.640308204316,2770.8112591836552,0.0,0.7450461092142858
MMMMMddddddddddMMMMM,MOE/5-methylcytosines/deoxy,*******************,TTGAAGTATTGTTGCCTTAT,0.0,0.0,0.0,0.7714644172857142
MMMMMddddddddddMMMMM,MOE/5-methylcytosines/deoxy,*******************,TCTTCCTCTTCTCTTCTCTC,4580.518442094413,3969.009188033135,0.0,0.752620085
MMMMMddddddddddMMMMM,MOE/5-methylcytosines/deoxy,*******************,ATCAGGGTACTTCTCTTCAC,206.27343817894172,203.66039358360902,0.0,0.7435896742857143
MMMMMddddddddddMMMMM,MOE/5-methylcytosines/deoxy,*******************,GGCTTTGGAAAGTTCTCCAT,0.0,0.0,0.0,0.7429229565000001
MMMMMddddddddddMMMMM,MOE/5-methylcytosines/deoxy,*******************,CGGCATCTTGCTTTCCCGGC,17476.065672201123,16616.269985576866,43215905961.32321,0.7742968652142858
MMMMMddddddddddMMMMM,MOE/5-methylcytosines/deoxy,*******************,CCTTCTTCTCAGCTGCCTTG,8347.442978451987,7084.0475471050295,0.0,0.7554309235
MMMMMddddddddddMMMMM,MOE/5-methylcytosines/deoxy,*******************,TCTCTTCACATTGCTCATCA,0.0,0.0,0.0,0.7297767119999999
MMMMMddddddddddMMMMM,MOE/5-methylcytosines/deoxy,*******************,GCATCGGTGTCCTTTTTCTT,2020.8634777900065,1983.790749946454,0.0,0.7699453355714285
MMMMMddddddddddMMMMM,MOE/5-methylcytosines/deoxy,*******************,GCCCTTCATGTCCAAAGCTT,4131.5618344273935,3929.632657776126,599159837.4923517,0.7682371367857143
MMMMMddddddddddMMMMM,MOE/5-methylcytosines/deoxy,*******************,CAGGCCATCATTCTTAATGC,722.8111686845917,686.2941328569341,0.0,0.7360827702857142
MMMMMddddddddddMMMMM,MOE/5-methylcytosines/deoxy,*******************,GGGATACACACTCATCAATT,0.0,0.0,0.0,0.7070102717857143
MMMMMddddddddddMMMMM,MOE/5-methylcytosines/deoxy,*******************,GTTTGAGCATTCCGGGAGCC,14200.000925877388,13527.408191314064,5791574595.239432,0.7320270752857143
MMMMMddddddddddMMMMM,MOE/5-methylcytosines/deoxy,*******************,CTCTGACAGTGGCTTTGGAA,1592.0668312994262,671.2732526161278,0.0,0.7275943897142857
MMMMMddddddddddMMMMM,MOE/5-methylcytosines/deoxy,*******************,TGCAAATGTCTACAAACTGG,0.0,0.0,0.0,0.7751664324285715
MMMMMddddddddddMMMMM,MOE/5-methylcytosines/deoxy,*******************,GGTGAGATCTGTCGGCTTCT,2594.2260857301267,1939.1334208211038,0.0,0.7575606184285716
MMMMMddddddddddMMMMM,MOE/5-methylcytosines/deoxy,*******************,GCTTGCATGAATGTGGTTCT,0.0,0.0,0.0,0.7639467267857142
MMMMMddddddddddMMMMM,MOE/5-methylcytosines/deoxy,*******************,AGTCTCTTCACATTGCTCAT,0.0,0.0,0.0,0.7489714627142856
MMMMMddddddddddMMMMM,MOE/5-methylcytosines/deoxy,*******************,GCACTGAGCCGTGGCCGTAG,16074.910217219262,14844.753777210857,242764908049.21155,0.7234752321428571
MMMMMddddddddddMMMMM,MOE/5-methylcytosines/deoxy,*******************,CAGAGACTTTACTAGCTTTG,0.0,0.0,0.0,0.7547959390714286
MMMMMddddddddddMMMMM,MOE/5-methylcytosines/deoxy,*******************,GGTTTCCAATTCCTTCTCAA,397.20210906460335,386.7032451999512,0.0,0.7467226353571428
MMMMMddddddddddMMMMM,MOE/5-methylcytosines/deoxy,*******************,GAAGTCTGGATCCATTCCAT,1648.0337303027218,807.8735873243934,0.0,0.7548417777142856
MMMMMddddddddddMMMMM,MOE/5-methylcytosines/deoxy,*******************,GATCTGCTGATTTTGTGTCC,365.4830528443604,184.0648502810618,0.0,0.7578004223571427
MMMMMddddddddddMMMMM,MOE/5-methylcytosines/deoxy,*******************,CTTTTTCTTTTGTTGGCGTT,1870.9483216358817,1604.7857969648987,0.0,0.7491076647142857
MMMMMddddddddddMMMMM,MOE/5-methylcytosines/deoxy,*******************,ACCACTGAATGGCATCCGCA,1829.5127583517599,842.2074608394444,0.0,0.7472808375714287
MMMMMddddddddddMMMMM,MOE/5-methylcytosines/deoxy,*******************,ATGTAGTTTCCCATTAGCAA,1332.3747299271909,939.9744276192883,0.0,0.7426334666428572
MMMMMddddddddddMMMMM,MOE/5-methylcytosines/deoxy,*******************,GTGACCTTATAAAGCTCGTA,0.0,0.0,0.0,0.7417212310000002
MMMMMddddddddddMMMMM,MOE/5-methylcytosines/deoxy,*******************,ATTCACTCTTGAACTGAGAC,0.0,0.0,0.0,0.7701608094285712
MMMMMddddddddddMMMMM,MOE/5-methylcytosines/deoxy,*******************,GGCTTTTAGACACTGTATGA,0.0,0.0,0.0,0.7565585465714285
MMMMMddddddddddMMMMM,MOE/5-methylcytosines/deoxy,*******************,GTTGGATATCCAGGCCATCA,11810.068163047876,10636.05869679594,399288513.56654423,0.7219095487857142
MMMMMddddddddddMMMMM,MOE/5-methylcytosines/deoxy,*******************,AAGAGCCAAGAAGTTCCGTT,0.0,0.0,0.0,0.748983735
MMMMMddddddddddMMMMM,MOE/5-methylcytosines/deoxy,*******************,AGTCGAGGCTGATCAGCGAG,2854.032922057389,2788.5748197666685,0.0,0.7554701626428572
MMMMMddddddddddMMMMM,MOE/5-methylcytosines/deoxy,*******************,AGTAAGCAGTGGGTTCTCTA,1029.7121037551422,533.9663497090503,0.0,0.7278354732142855
MMMMMddddddddddMMMMM,MOE/5-methylcytosines/deoxy,*******************,AGGTCTCTCTTTCTTGCTCC,1978.4888486458208,1187.7267392368815,0.0,0.7482867549999999
MMMMMddddddddddMMMMM,MOE/5-methylcytosines/deoxy,*******************,TTCAGCCTGAGTTTCTTGGT,6614.7441980122885,6364.086519269802,0.0,0.751528657142857
MMMMMddddddddddMMMMM,MOE/5-methylcytosines/deoxy,*******************,ACTCTGGTATAACTTTTCCA,0.0,0.0,0.0,0.7311738475
MMMMMddddddddddMMMMM,MOE/5-methylcytosines/deoxy,*******************,TAGCAATACAAGTTCCAGCA,0.0,0.0,0.0,0.7196432583571427
MMMMMddddddddddMMMMM,MOE/5-methylcytosines/deoxy,*******************,CCACAACGCATAAATTCATT,0.0,0.0,0.0,0.7156205128571429
MMMMMddddddddddMMMMM,MOE/5-methylcytosines/deoxy,*******************,CTTCTCAGCTGCCTTGATCC,8239.858597131672,6586.863319821331,0.0,0.7298340297857144
MMMMMddddddddddMMMMM,MOE/5-methylcytosines/deoxy,*******************,GAGCCAAGAAGTTCCGTTTC,0.0,0.0,0.0,0.7563696977142857
MMMMMddddddddddMMMMM,MOE/5-methylcytosines/deoxy,*******************,GCTCTTGATCAGGAAGATGC,175.92173942741434,190.77471594601857,0.0,0.7592172872142858
MMMMMddddddddddMMMMM,MOE/5-methylcytosines/deoxy,*******************,CCACATCTGTCATCATATTG,0.0,0.0,0.0,0.7658188829285714
MMMMMddddddddddMMMMM,MOE/5-methylcytosines/deoxy,*******************,TCTTGGTGGTCGGTAAACTC,2859.756075302894,2091.903728875735,0.0,0.7651600290714284
MMMMMddddddddddMMMMM,MOE/5-methylcytosines/deoxy,*******************,ACAAACTGCTCAGGTTCACA,720.9816060829178,377.8032651559424,0.0,0.7343688480714287
MMMMMddddddddddMMMMM,MOE/5-methylcytosines/deoxy,*******************,TCCATGTTTTCGTGTAACTT,0.0,183.77146408305146,0.0,0.762456924642857
MMMMMddddddddddMMMMM,MOE/5-methylcytosines/deoxy,*******************,TCTCTTCAATATCTTCCTCT,0.0,0.0,0.0,0.7337873600714285
MMMMMddddddddddMMMMM,MOE/5-methylcytosines/deoxy,*******************,TTGGCGTTCGAGTCTTTCTC,701.1723479165066,669.319029595685,1243951000.1720843,0.7304537221428572
MMMMMddddddddddMMMMM,MOE/5-methylcytosines/deoxy,*******************,ATTAATGTACTGCATCACCA,389.38344102565304,378.7385120791633,0.0,0.7557717976428572
MMMMMddddddddddMMMMM,MOE/5-methylcytosines/deoxy,*******************,CATCATTCTGATTTCCTCAT,233.99199736110342,0.0,0.0,0.760440527
MMMMMddddddddddMMMMM,MOE/5-methylcytosines/deoxy,*******************,CTCGTAATCTTGCCAGCAGG,5904.5326713965715,5002.010166313987,0.0,0.7304431452142855
MMMMMddddddddddMMMMM,MOE/5-methylcytosines/deoxy,*******************,GTGAACGTGACCCTTCTGTC,8716.385427195592,7797.922770380601,5971589425.016611,0.7659884276428571
MMMMMddddddddddMMMMM,MOE/5-methylcytosines/deoxy,*******************,TGCTTTCTACATTACACGCT,0.0,0.0,0.0,0.7410401237857144
MMMMMddddddddddMMMMM,MOE/5-methylcytosines/deoxy,*******************,GCAGACCCCATTTTCAGCTC,14606.705459246903,14013.237410987844,2089402129.9273446,0.7345951280714285
MMMMMddddddddddMMMMM,MOE/5-methylcytosines/deoxy,*******************,TTTCTGCAATTCAGCCTGAG,6392.6721302763035,6062.9807204986355,0.0,0.7513647660000001
MMMMMddddddddddMMMMM,MOE/5-methylcytosines/deoxy,*******************,CTCATAATTCTTTCCAAGCC,337.68337016137,177.34515671939042,0.0,0.7403254470714286
MMMMMddddddddddMMMMM,MOE/5-methylcytosines/deoxy,*******************,GCTCGTAATCTTGCCAGCAG,4763.343768332734,4215.010680008428,0.0,0.7325735845714286
MMMMMddddddddddMMMMM,MOE/5-methylcytosines/deoxy,*******************,GAACATCTTTTGGCATCGGT,904.0115348884301,878.5409684447078,0.0,0.7471621142857143
MMMMMddddddddddMMMMM,MOE/5-methylcytosines/deoxy,*******************,GCTTCCTTCTTCTCAGCTGC,4243.465980157813,3522.945964856957,0.0,0.7645761597857142
MMMMMddddddddddMMMMM,MOE/5-methylcytosines/deoxy,*******************,AACAGTTTTCAGTCATTTCA,0.0,0.0,0.0,0.7552278726428572
MMMMMddddddddddMMMMM,MOE/5-methylcytosines/deoxy,*******************,GATGCTTTCTCTTCAAACTC,216.89603519003367,201.40276021436978,0.0,0.7534380359285714
MMMMMddddddddddMMMMM,MOE/5-methylcytosines/deoxy,*******************,TTCTGATGTGAAGCCTGAAA,0.0,0.0,0.0,0.7547174852857144
MMMMMddddddddddMMMMM,MOE/5-methylcytosines/deoxy,*******************,CGTGGCCGTAGTCTCTTCAC,10717.739699099602,9832.535905883724,20143408007.85424,0.7712555557857143
MMMMMddddddddddMMMMM,MOE/5-methylcytosines/deoxy,*******************,CCCAGTAGACGTATGAGTGT,0.0,0.0,0.0,0.743333571
MMMMMddddddddddMMMMM,MOE/5-methylcytosines/deoxy,*******************,TCATATTGTTCTTTTGCACT,0.0,0.0,0.0,0.7779403957142856
MMMMMddddddddddMMMMM,MOE/5-methylcytosines/deoxy,*******************,TCTTCACATATTTCTACCAG,219.40558784807985,212.22310463819338,0.0,0.7379756806428572
MMMMMddddddddddMMMMM,MOE/5-methylcytosines/deoxy,*******************,TTTCGATATGTGAAGTCTGG,0.0,0.0,0.0,0.7442296607142858
MMMMMddddddddddMMMMM,MOE/5-methylcytosines/deoxy,*******************,AAGAGTTCATTCTCTGACAG,936.3567809413055,334.5828106358589,0.0,0.7333466015714285
MMMMMddddddddddMMMMM,MOE/5-methylcytosines/deoxy,*******************,ATATTGTTCTTTTGCACTGA,0.0,0.0,0.0,0.7481994065714286
MMMMMddddddddddMMMMM,MOE/5-methylcytosines/deoxy,*******************,CATTTCTGATGTGAAGCCTG,0.0,0.0,0.0,0.7544643782857142
MMMMMddddddddddMMMMM,MOE/5-methylcytosines/deoxy,*******************,AGCTCTAATATCTTCAAGGC,0.0,0.0,0.0,0.7272973461428572
MMMMMddddddddddMMMMM,MOE/5-methylcytosines/deoxy,*******************,CACAGGATTGCTGGTCAAAG,721.6651729901689,503.77767974432436,0.0,0.7383369455714285
MMMMMddddddddddMMMMM,MOE/5-methylcytosines/deoxy,*******************,TGATTTCCTCATATGGCACC,397.6442978188386,201.76160450934773,0.0,0.7212653257857143
MMMMMddddddddddMMMMM,MOE/5-methylcytosines/deoxy,*******************,TCTTTTCCAGCGTTTCTACA,1926.8518184951777,1488.0352116838267,0.0,0.7046417135
MMMMMddddddddddMMMMM,MOE/5-methylcytosines/deoxy,*******************,TCTCTTCGCAGGCAGTACTG,2478.3509763083766,2614.2879164473884,0.0,0.7293808559285715
MMMMMddddddddddMMMMM,MOE/5-methylcytosines/deoxy,*******************,GCACAGTCGAGGCTGATCAG,3021.844302807527,3119.554484542474,0.0,0.7396486755714285
MMMMMddddddddddMMMMM,MOE/5-methylcytosines/deoxy,*******************,ACTCTTCTAGTTTTGCTTGA,0.0,0.0,0.0,0.77003704
MMMMMddddddddddMMMMM,MOE/5-methylcytosines/deoxy,*******************,GCATTCCGGGAGCCAGCATT,15005.748616463323,14233.026221856397,5791574595.239432,0.7263156243571428
MMMMMddddddddddMMMMM,MOE/5-methylcytosines/deoxy,*******************,TACTAGCTTTGTCTAAAGGT,0.0,0.0,0.0,0.7888293675714285
MMMMMddddddddddMMMMM,MOE/5-methylcytosines/deoxy,*******************,GCTTTCTACATTACACGCTT,0.0,0.0,0.0,0.7389096844285713
MMMMMddddddddddMMMMM,MOE/5-methylcytosines/deoxy,*******************,TTTTCTGCAATTCAGCCTGA,3326.279334093864,3149.1691117943656,0.0,0.7411098562142858
MMMMMddddddddddMMMMM,MOE/5-methylcytosines/deoxy,*******************,TTCTTGGTGGTCGGTAAACT,2935.414603421596,2119.3560651152134,0.0,0.765883111
MMMMMddddddddddMMMMM,MOE/5-methylcytosines/deoxy,*******************,AACATCTTTTGGCATCGGTG,1283.9782744685458,1410.8281039098217,0.0,0.7462562657857142
MMMMMddddddddddMMMMM,MOE/5-methylcytosines/deoxy,*******************,TTCCAATATCATCATTCTGA,0.0,0.0,0.0,0.7302926917142857
MMMMMddddddddddMMMMM,MOE/5-methylcytosines/deoxy,*******************,CACATCTGTCATCATATTGG,0.0,0.0,0.0,0.7633665287142859
MMMMMddddddddddMMMMM,MOE/5-methylcytosines/deoxy,*******************,GGAGCCAGCATTCATGTAGT,1112.4698499615051,823.3961970053527,0.0,0.7203478732142858
MMMMMddddddddddMMMMM,MOE/5-methylcytosines/deoxy,*******************,AGCCCTTCATGTCCAAAGCT,6209.831574337599,5595.958549512223,599159837.4923517,0.779331662357143
MMMMMddddddddddMMMMM,MOE/5-methylcytosines/deoxy,*******************,CATATTGTTCTTTTGCACTG,0.0,0.0,0.0,0.7656626805000001
MMMMMddddddddddMMMMM,MOE/5-methylcytosines/deoxy,*******************,TCACATTGCTCATCACAACC,0.0,0.0,0.0,0.7485206787142857
MMMMMddddddddddMMMMM,MOE/5-methylcytosines/deoxy,*******************,TTTGGCATCGGTGTCCTTTT,2216.5405120722407,2410.973156003981,0.0,0.730625124
MMMMMddddddddddMMMMM,MOE/5-methylcytosines/deoxy,*******************,GTCGGTAAACTCTTTTTCAA,0.0,0.0,0.0,0.7192297367142857
MMMMMddddddddddMMMMM,MOE/5-methylcytosines/deoxy,*******************,TTAGCTATTCTGACACGTTT,199.71916589688925,189.2263951080039,0.0,0.7313151129285714
MMMMMddddddddddMMMMM,MOE/5-methylcytosines/deoxy,*******************,GGCAACAAAATGTATTCTCA,0.0,0.0,0.0,0.699397218142857
MMMMMddddddddddMMMMM,MOE/5-methylcytosines/deoxy,*******************,TGGCCGTAGTCTCTTCACAT,9218.930450529071,8027.7692758842195,19590959863.8916,0.7678569767857143
MMMMMddddddddddMMMMM,MOE/5-methylcytosines/deoxy,*******************,CTAGCTTTGTCTAAAGGTTC,0.0,0.0,0.0,0.7670071587857142
MMMMMddddddddddMMMMM,MOE/5-methylcytosines/deoxy,*******************,TTCAGGTTTAAATTCTTTCT,0.0,0.0,0.0,0.7456056870714285
MMMMMddddddddddMMMMM,MOE/5-methylcytosines/deoxy,*******************,AGCGTTTCTACAGAGACTTT,0.0,0.0,0.0,0.7296014886428571
MMMMMddddddddddMMMMM,MOE/5-methylcytosines/deoxy,*******************,TCTGATGCTTTCTCTTCAAA,446.072434473224,201.40276021436978,0.0,0.7555016342142858
MMMMMddddddddddMMMMM,MOE/5-methylcytosines/deoxy,*******************,AGGAGATGTAACCAGGGCAT,3865.4565630448783,2930.7535415905086,0.0,0.7678762285000001
MMMMMddddddddddMMMMM,MOE/5-methylcytosines/deoxy,*******************,GAAGGTTTGAGCATTCCGGG,9950.088808396822,9198.228474184132,602792838.6797489,0.7534358327142857
MMMMMddddddddddMMMMM,MOE/5-methylcytosines/deoxy,*******************,TGCTTCATCAAGTTCAGCTC,0.0,0.0,0.0,0.723803694
MMMMMddddddddddMMMMM,MOE/5-methylcytosines/deoxy,*******************,ACGCATAAATTCATTTCTGA,0.0,0.0,0.0,0.7182195612142858
MMMMMddddddddddMMMMM,MOE/5-methylcytosines/deoxy,*******************,ATCTTTTGGCATCGGTGTCC,2161.334377937047,2322.9031269935426,0.0,0.7620375001428572
MMMMMddddddddddMMMMM,MOE/5-methylcytosines/deoxy,*******************,GTATCCTATTATACTCTGGT,0.0,0.0,0.0,0.7553411898571427
MMMMMddddddddddMMMMM,MOE/5-methylcytosines/deoxy,*******************,TCTCTTCACATATTTCTACC,0.0,0.0,0.0,0.7164037446428572
MMMMMddddddddddMMMMM,MOE/5-methylcytosines/deoxy,*******************,AGCACTGAGCCGTGGCCGTA,16068.753914648858,14866.87663111611,224647666925.0192,0.7376844120000001
MMMMMddddddddddMMMMM,MOE/5-methylcytosines/deoxy,*******************,GGCATTGATGAGCTGCATAC,601.3248558675673,570.2353505857254,0.0,0.7518250486428572
MMMMMddddddddddMMMMM,MOE/5-methylcytosines/deoxy,*******************,CTGATTTTGTGTCCTTTAGT,582.8906668004465,219.59476885060585,0.0,0.7734027608571428
MMMMMddddddddddMMMMM,MOE/5-methylcytosines/deoxy,*******************,TCATCAGGGCTTTTAGACAC,0.0,0.0,0.0,0.7295492431428572
MMMMMddddddddddMMMMM,MOE/5-methylcytosines/deoxy,*******************,GCTCTAATATCTTCAAGGCG,0.0,0.0,0.0,0.7330047478571429
MMMMMddddddddddMMMMM,MOE/5-methylcytosines/deoxy,*******************,TCTGCCAACCGTGTTTCATC,2918.488946664146,2697.3838961825936,13566572336.188705,0.6989124867142857
MMMMMddddddddddMMMMM,MOE/5-methylcytosines/deoxy,*******************,TTCCACCTTCTTTAGAGGGA,6340.341937341322,4741.4507148395605,764356953.4261049,0.7577204770714285
MMMMMddddddddddMMMMM,MOE/5-methylcytosines/deoxy,*******************,AAAGTGTCTCATATTGTTCT,0.0,0.0,0.0,0.7178933442857145
MMMMMddddddddddMMMMM,MOE/5-methylcytosines/deoxy,*******************,CATGTAGTTTCCCATTAGCA,1332.3747299271909,939.9744276192883,0.0,0.7628779229285715
MMMMMddddddddddMMMMM,MOE/5-methylcytosines/deoxy,*******************,CACTTTCTGATTTTCATGGT,0.0,0.0,0.0,0.7469540408571428
MMMMMddddddddddMMMMM,MOE/5-methylcytosines/deoxy,*******************,CTCATGCTGATTTCAGGTTT,0.0,0.0,0.0,0.7639319945714285
MMMMMddddddddddMMMMM,MOE/5-methylcytosines/deoxy,*******************,TTCACTCTTGAACTGAGACA,0.0,0.0,0.0,0.7688525567142858
MMMMMddddddddddMMMMM,MOE/5-methylcytosines/deoxy,*******************,AGTCTTTTTCGATATGTGAA,0.0,0.0,0.0,0.7547893384285714
MMMMMddddddddddMMMMM,MOE/5-methylcytosines/deoxy,*******************,CCAATATCATCATTCTGATT,0.0,0.0,0.0,0.7379743047857144
MMMMMddddddddddMMMMM,MOE/5-methylcytosines/deoxy,*******************,ATGTCCAAAGCTTTCCACCC,16459.297262343207,15698.171485677702,1893933165.070205,0.7284148153571428
MMMMMddddddddddMMMMM,MOE/5-methylcytosines/deoxy,*******************,CTGATCTGCTGATTTTGTGT,364.37088140570467,512.833524501142,0.0,0.7529580845714285
MMMMMddddddddddMMMMM,MOE/5-methylcytosines/deoxy,*******************,TCTCTTCTCTCTTTTTGTTG,382.72952717095535,383.0732363149626,0.0,0.734768172
MMMMMddddddddddMMMMM,MOE/5-methylcytosines/deoxy,*******************,AGGAAGATGCTTTATTAAGT,0.0,0.0,0.0,0.7377564769999999
MMMMMddddddddddMMMMM,MOE/5-methylcytosines/deoxy,*******************,CTTTCTGATTTTCATGGTTA,0.0,0.0,0.0,0.7600865100714287
MMMMMddddddddddMMMMM,MOE/5-methylcytosines/deoxy,*******************,CAGCCTGAGTTTCTTGGTGG,5078.40895039592,4972.6928044631195,0.0,0.7481300781428571
MMMMMddddddddddMMMMM,MOE/5-methylcytosines/deoxy,*******************,AGATTATCCATCACTCCTGT,3563.346370919055,2389.4364935700064,0.0,0.7151750616428572
MMMMMddddddddddMMMMM,MOE/5-methylcytosines/deoxy,*******************,AAGGTTTGAGCATTCCGGGA,10179.332553935645,9404.023690817898,1179973950.8203409,0.7516685417857143
MMMMMddddddddddMMMMM,MOE/5-methylcytosines/deoxy,*******************,GACCCTTCTGTCAACTGCAC,7205.300684424386,6289.991375621047,5971589425.016611,0.7679493222857142
MMMMMddddddddddMMMMM,MOE/5-methylcytosines/deoxy,*******************,CTGCAATTCAGCCTGAGTTT,6485.045359572871,6128.557732680865,0.0,0.7369319972857143
MMMMMddddddddddMMMMM,MOE/5-methylcytosines/deoxy,*******************,AAAGCTCGTAATCTTGCCAG,1865.1799735205782,1715.2605825983928,0.0,0.7573238244285714
MMMMMddddddddddMMMMM,MOE/5-methylcytosines/deoxy,*******************,TTGGCAATATCTCTTTCAAT,0.0,0.0,0.0,0.7330545345714284
MMMMMddddddddddMMMMM,MOE/5-methylcytosines/deoxy,*******************,TTTCTTTTGTTGGCGTTCGA,2552.4785508083255,2254.124728645036,1243951000.1720843,0.7946831547857142
MMMMMddddddddddMMMMM,MOE/5-methylcytosines/deoxy,*******************,CATTCATGTAGTTTCCCATT,1149.3515780343264,756.7219372980674,0.0,0.7707306760714285
MMMMMddddddddddMMMMM,MOE/5-methylcytosines/deoxy,*******************,CTTCGGGAACTGATTCATTT,325.69695960977094,320.3446992980583,0.0,0.7294997994285716
MMMMMddddddddddMMMMM,MOE/5-methylcytosines/deoxy,*******************,TCCACCTTCTTTAGAGGGAG,5736.707823568917,4175.894512445762,764356953.4261049,0.7501635577142858
MMMMMddddddddddMMMMM,MOE/5-methylcytosines/deoxy,*******************,TTTGGCAATATCTCTTTCAA,0.0,0.0,0.0,0.7456628478571429
MMMMMddddddddddMMMMM,MOE/5-methylcytosines/deoxy,*******************,ATCTGTCATCATATTGGGGT,0.0,0.0,0.0,0.7356832505714285
MMMMMddddddddddMMMMM,MOE/5-methylcytosines/deoxy,*******************,GCTTCAACTTCGGGAACTGA,2122.341401942335,2088.523753665847,0.0,0.7149863175
MMMMMddddddddddMMMMM,MOE/5-methylcytosines/deoxy,*******************,TCAGGAGATGTAACCAGGGC,3778.908128007512,2856.357697458307,0.0,0.7728610883571428
MMMMMddddddddddMMMMM,MOE/5-methylcytosines/deoxy,*******************,CCTCTGCTTCTCTTTTTTTG,3398.410051925706,2361.363692132613,0.0,0.752841108857143
MMMMMddddddddddMMMMM,MOE/5-methylcytosines/deoxy,*******************,ACTGAGCCGTGGCCGTAGTC,15942.905770679849,14724.888964037234,242764908049.21155,0.7527717517857143
MMMMMddddddddddMMMMM,MOE/5-methylcytosines/deoxy,*******************,TTGTTCTTTTGCACTGATAA,0.0,0.0,0.0,0.7639197864999999
MMMMMddddddddddMMMMM,MOE/5-methylcytosines/deoxy,*******************,TTGTTTTCTGATCTGCTGAT,377.93702151420007,328.76867422008024,0.0,0.7460279249285715
MMMMMddddddddddMMMMM,MOE/5-methylcytosines/deoxy,*******************,CTGACACGTTTTTCTTTTTC,0.0,0.0,0.0,0.7736937379285714
MMMMMddddddddddMMMMM,MOE/5-methylcytosines/deoxy,*******************,CGATATGTGAAGTCTGGATC,0.0,0.0,0.0,0.7584215629285714
MMMMMddddddddddMMMMM,MOE/5-methylcytosines/deoxy,*******************,TGCACTTTCTGATTTTCATG,185.5430048255942,0.0,0.0,0.7501856172142857
MMMMMddddddddddMMMMM,MOE/5-methylcytosines/deoxy,*******************,TGCTTTCTCTTCAAACTCTT,216.89603519003367,201.40276021436978,0.0,0.7408757305
MMMMMddddddddddMMMMM,MOE/5-methylcytosines/deoxy,*******************,AAGTTCTGATGCTTTCTCTT,229.17639928319036,0.0,0.0,0.7469117244285715
MMMMMddddddddddMMMMM,MOE/5-methylcytosines/deoxy,*******************,TCTTCTTCTTTATGCTCATC,0.0,0.0,0.0,0.7632403540714287
MMMMMddddddddddMMMMM,MOE/5-methylcytosines/deoxy,*******************,ATTGTTCTTTTGCACTGATA,0.0,0.0,0.0,0.7635202667857142
MMMMMddddddddddMMMMM,MOE/5-methylcytosines/deoxy,*******************,TGATGCTTTCTCTTCAAACT,409.79114547303175,201.40276021436978,0.0,0.7609949552857144
MMMMMddddddddddMMMMM,MOE/5-methylcytosines/deoxy,*******************,TTTTCAGTCATTTCATGAGG,0.0,0.0,0.0,0.7500392147857143
MMMMMddddddddddMMMMM,MOE/5-methylcytosines/deoxy,*******************,AAGGTTCCAAATCATCCACA,0.0,0.0,0.0,0.7230274992857142
MMMMMddddddddddMMMMM,MOE/5-methylcytosines/deoxy,*******************,GTGTCTGGGATCCACGGCTT,9722.674813361466,9413.946412406416,983637130295.9828,0.7292335072142857
MMMMMddddddddddMMMMM,MOE/5-methylcytosines/deoxy,*******************,CTGAGGTGAGATCTGTCGGC,2255.1076517131205,1620.3478346696595,0.0,0.7492875727857145
MMMMMddddddddddMMMMM,MOE/5-methylcytosines/deoxy,*******************,CTGGTATAACTTTTCCATGT,396.3542406412323,520.6030318907789,0.0,0.7250141464285715
MMMMMddddddddddMMMMM,MOE/5-methylcytosines/deoxy,*******************,TGTCCAGCATATCATCCGTC,0.0,0.0,0.0,0.7344391730714285
MMMMMddddddddddMMMMM,MOE/5-methylcytosines/deoxy,*******************,CTTGCTTTCCCGGCAGCCGC,20595.796768306805,19501.720471975637,14462327302179.29,0.7474535994285716
MMMMMddddddddddMMMMM,MOE/5-methylcytosines/deoxy,*******************,GCTATATTCACTCTTGAACT,0.0,0.0,0.0,0.7304622437142857
MMMMMddddddddddMMMMM,MOE/5-methylcytosines/deoxy,*******************,TCTTTTTTCTGCAATTCAGC,0.0,0.0,0.0,0.7593124187142858
MMMMMddddddddddMMMMM,MOE/5-methylcytosines/deoxy,*******************,GTCTGGGATCCACGGCTTTG,9213.65232925585,8716.835922105332,983637130295.9828,0.7294609941428573
MMMMMddddddddddMMMMM,MOE/5-methylcytosines/deoxy,*******************,TTTCCCGCAATGGTGCCTTT,13380.632167673488,12139.00963272302,28861937880.65536,0.7061196517857143
MMMMMddddddddddMMMMM,MOE/5-methylcytosines/deoxy,*******************,ATTCATGTAGTTTCCCATTA,1149.3515780343264,756.7219372980674,0.0,0.7799155899285715
MMMMMddddddddddMMMMM,MOE/5-methylcytosines/deoxy,*******************,ATGCTTTCTCTTCAAACTCT,216.89603519003367,201.40276021436978,0.0,0.7513042946428571
MMMMMddddddddddMMMMM,MOE/5-methylcytosines/deoxy,*******************,CTGACAGTGGCTTTGGAAAG,1592.0668312994262,671.2732526161278,0.0,0.7347031491428572
MMMMMddddddddddMMMMM,MOE/5-methylcytosines/deoxy,*******************,GTGTAACTTCGAAAGTGTCT,0.0,0.0,0.0,0.7471272649999999
MMMMMddddddddddMMMMM,MOE/5-methylcytosines/deoxy,*******************,TGCTGATTTCAGGTTTAAAT,0.0,0.0,0.0,0.7433262430714286
MMMMMddddddddddMMMMM,MOE/5-methylcytosines/deoxy,*******************,ATCAGCTGGCAAGGCACCAA,3005.226392541382,2422.3243883253353,0.0,0.7306622026428572
MMMMMddddddddddMMMMM,MOE/5-methylcytosines/deoxy,*******************,CCTTCATGTCCAAAGCTTTC,219.31879482076664,0.0,0.0,0.7554136668571428
MMMMMddddddddddMMMMM,MOE/5-methylcytosines/deoxy,*******************,AACTTTTCCATGTTTTCGTG,396.3542406412323,704.3744959738303,0.0,0.7197828706428572
MMMMMddddddddddMMMMM,MOE/5-methylcytosines/deoxy,*******************,TTGAACTGAATTGTGCCGGA,8959.727421990909,7976.622858168921,808681542.892705,0.7360213346428573
MMMMMddddddddddMMMMM,MOE/5-methylcytosines/deoxy,*******************,GCTTTCTCTTCAAACTCTTC,0.0,0.0,0.0,0.7354206048571429
MMMMMddddddddddMMMMM,MOE/5-methylcytosines/deoxy,*******************,ATTTCTGATGTGAAGCCTGA,0.0,0.0,0.0,0.7531561255714285
MMMMMddddddddddMMMMM,MOE/5-methylcytosines/deoxy,*******************,TGGCATCCGCATTCCTGGAA,6441.457491483312,4879.650349575028,0.0,0.7183354239285714
MMMMMddddddddddMMMMM,MOE/5-methylcytosines/deoxy,*******************,TGAGATCTGTCGGCTTCTCT,2394.8394473981534,1768.571019646141,4558501282.171783,0.768348842
MMMMMddddddddddMMMMM,MOE/5-methylcytosines/deoxy,*******************,TCCTTTTTCTTCTGTCGCGG,2969.530538128077,2652.5885706392996,490692883.7639787,0.7634390475714287
MMMMMddddddddddMMMMM,MOE/5-methylcytosines/deoxy,*******************,ATTTGGCAATATCTCTTTCA,0.0,0.0,0.0,0.7438559707142857
MMMMMddddddddddMMMMM,MOE/5-methylcytosines/deoxy,*******************,GGTGTCTGGGATCCACGGCT,10025.767231934013,9758.688858874535,983637130295.9828,0.7411567572142855
MMMMMddddddddddMMMMM,MOE/5-methylcytosines/deoxy,*******************,TGACCCTTCTGTCAACTGCA,7282.336440935558,6398.847436705192,5971589425.016611,0.7548449729285716
MMMMMddddddddddMMMMM,MOE/5-methylcytosines/deoxy,*******************,CTTCATGTCCAAAGCTTTCC,180.9972089467372,0.0,0.0,0.7573971575000001
MMMMMddddddddddMMMMM,MOE/5-methylcytosines/deoxy,*******************,TTGCTTTCTACATTACACGC,0.0,0.0,0.0,0.7334714119285713
MMMMMddddddddddMMMMM,MOE/5-methylcytosines/deoxy,*******************,GGATGCTTTCTTCCCCTACA,17230.51271108678,16257.41773693412,1954271746.4309878,0.7619771200714285
MMMMMddddddddddMMMMM,MOE/5-methylcytosines/deoxy,*******************,CACCTTCTTTAGAGGGAGGC,953.1664132960233,948.3976633253251,0.0,0.7406167046428572
MMMMMddddddddddMMMMM,MOE/5-methylcytosines/deoxy,*******************,TGTTGGCGTTCGAGTCTTTC,2317.0383207443,2025.5554751021064,1243951000.1720843,0.733570707857143
MMMMMddddddddddMMMMM,MOE/5-methylcytosines/deoxy,*******************,AATCCACGTTTTCATACTTA,0.0,0.0,0.0,0.772711573142857
MMMMMddddddddddMMMMM,MOE/5-methylcytosines/deoxy,*******************,CCATTTCTTTTTTGATACTG,0.0,0.0,0.0,0.7670018350714285
MMMMMddddddddddMMMMM,MOE/5-methylcytosines/deoxy,*******************,GATTTCCTCATATGGCACCC,7132.696177741281,5549.818822402359,469666049.68364245,0.7244792822857143
MMMMMddddddddddMMMMM,MOE/5-methylcytosines/deoxy,*******************,TCCTTCTTCTCAGCTGCCTT,5829.3761085668575,4769.717337805331,0.0,0.7661239540714286
MMMMMddddddddddMMMMM,MOE/5-methylcytosines/deoxy,*******************,GGCTGATCAGCGAGCTCTAG,558.1428241579363,369.1059798661547,0.0,0.7026571645714287
MMMMMddddddddddMMMMM,MOE/5-methylcytosines/deoxy,*******************,AACGCTTTTTCTTTTGTTGG,217.98053715686768,222.8204295394266,0.0,0.7597716517142857
MMMMMddddddddddMMMMM,MOE/5-methylcytosines/deoxy,*******************,CCTCATATGGCACCCGAAAA,12457.376309432228,11750.906247008206,3351329605.2432,0.7462936766428571
MMMMMddddddddddMMMMM,MOE/5-methylcytosines/deoxy,*******************,TGTCCAAAGCTTTCCACCCA,16923.346941127107,16131.91610561599,2326983114.6728487,0.7209778172857142
MMMMMddddddddddMMMMM,MOE/5-methylcytosines/deoxy,*******************,AGTTCTGAATCATAGACTCT,0.0,0.0,0.0,0.7377478275714286
MMMMMddddddddddMMMMM,MOE/5-methylcytosines/deoxy,*******************,CCAGTAGACGTATGAGTGTC,0.0,0.0,0.0,0.7329050068571429
MMMMMddddddddddMMMMM,MOE/5-methylcytosines/deoxy,*******************,CAGCGAGCTCTAGCATTTAG,558.1428241579363,369.1059798661547,0.0,0.7222135345714287
MMMMMddddddddddMMMMM,MOE/5-methylcytosines/deoxy,*******************,CAACAGATGGCTGGCAACTA,4434.69837901445,3001.047222713116,0.0,0.7375029814999998
MMMMMddddddddddMMMMM,MOE/5-methylcytosines/deoxy,*******************,GTTTCTTGGTGGTCGGTAAA,2947.092457458482,2130.838376838328,0.0,0.7588746937142856
MMMMMddddddddddMMMMM,MOE/5-methylcytosines/deoxy,*******************,CATCTTTTGGCATCGGTGTC,1323.2476576343424,1460.573767817001,0.0,0.7625745716428571
MMMMMddddddddddMMMMM,MOE/5-methylcytosines/deoxy,*******************,CTCTCATCTGCAGACCCCAT,14561.350065804749,13861.83315237987,2089402129.9273446,0.7284295985000001
MMMMMddddddddddMMMMM,MOE/5-methylcytosines/deoxy,*******************,GTCAACTGCACTTTCTGATT,407.345207588158,0.0,0.0,0.7264044842142857
MMMMMddddddddddMMMMM,MOE/5-methylcytosines/deoxy,*******************,TAGCTATTCTGACACGTTTT,199.71916589688925,189.2263951080039,0.0,0.7502734483571428
MMMMMddddddddddMMMMM,MOE/5-methylcytosines/deoxy,*******************,GATGCTTTATTAAGTTCTGA,0.0,0.0,0.0,0.7427514717142857
MMMMMddddddddddMMMMM,MOE/5-methylcytosines/deoxy,*******************,ACTTTCTGATTTTCATGGTT,0.0,0.0,0.0,0.753291402
MMMMMddddddddddMMMMM,MOE/5-methylcytosines/deoxy,*******************,GAGGCTGATCAGCGAGCTCT,956.4195415488286,787.7946599447881,0.0,0.7555894824285715
MMMMMddddddddddMMMMM,MOE/5-methylcytosines/deoxy,*******************,CTTCCTTCTTCTCAGCTGCC,5193.353906351492,4039.930387887975,0.0,0.7554695245714286
MMMMMddddddddddMMMMM,MOE/5-methylcytosines/deoxy,*******************,CCATCATTCTTAATGCATTT,0.0,0.0,0.0,0.7353679934285714
MMMMMddddddddddMMMMM,MOE/5-methylcytosines/deoxy,*******************,TCCAGCATATCATCCGTCAG,1563.23936909318,758.3127961340972,0.0,0.7430209262857144
MMMMMddddddddddMMMMM,MOE/5-methylcytosines/deoxy,*******************,TTGATCTATGCAAATGTCTA,0.0,0.0,0.0,0.737165959142857
MMMMMddddddddddMMMMM,MOE/5-methylcytosines/deoxy,*******************,AGCCAGCATTCATGTAGTTT,178.40120498615855,165.76289542021155,0.0,0.7334813789999998
MMMMMddddddddddMMMMM,MOE/5-methylcytosines/deoxy,*******************,TTCTCCCCAGGCTCCTCGGG,22503.737258362646,21255.212762675397,854861745556087.2,0.7382200715
MMMMMddddddddddMMMMM,MOE/5-methylcytosines/deoxy,*******************,AGACACTGTATGACTTTATG,191.538276976151,193.46909211244966,0.0,0.7565522796428572
MMMMMddddddddddMMMMM,MOE/5-methylcytosines/deoxy,*******************,TCTCAGCTGCCTTGATCCTC,8304.19930412837,6589.139180716594,0.0,0.7296998956428571
MMMMMddddddddddMMMMM,MOE/5-methylcytosines/deoxy,*******************,GTCTTTTTCGATATGTGAAG,0.0,0.0,0.0,0.7463421352857144
MMMMMddddddddddMMMMM,MOE/5-methylcytosines/deoxy,*******************,TTTTTCTGCAATTCAGCCTG,3292.23735583509,3118.964396328468,0.0,0.7288736572857142
MMMMMddddddddddMMMMM,MOE/5-methylcytosines/deoxy,*******************,TGTCATCATATTGGGGTGTC,904.5161245352708,846.5262808690841,0.0,0.7316010070714285
MMMMMddddddddddMMMMM,MOE/5-methylcytosines/deoxy,*******************,CGTGTAACTTCGAAAGTGTC,0.0,0.0,0.0,0.7132216705000002
MMMMMddddddddddMMMMM,MOE/5-methylcytosines/deoxy,*******************,ATGAAGTAGCGTTGTTTTCT,0.0,0.0,0.0,0.7341537599285713
MMMMMddddddddddMMMMM,MOE/5-methylcytosines/deoxy,*******************,AGCCTGAGTTTCTTGGTGGT,1837.1215765079303,2050.4869550622593,0.0,0.7475930066428571
MMMMMddddddddddMMMMM,MOE/5-methylcytosines/deoxy,*******************,GCTTGGGTCTCCCTATAGTG,9665.219220559105,8462.967751777041,5974964020.4873,0.7582530931428572
MMMMMddddddddddMMMMM,MOE/5-methylcytosines/deoxy,*******************,CAGCAGGGCTTCAACTTCGG,1468.1591631395113,921.9401851608148,0.0,0.7377519922142858
MMMMMddddddddddMMMMM,MOE/5-methylcytosines/deoxy,*******************,TTTAGTTTACAGAGAGAGCT,0.0,0.0,0.0,0.742087919857143
MMMMMddddddddddMMMMM,MOE/5-methylcytosines/deoxy,*******************,TGGAGTCCTTGTTGAGTTGC,1914.1600016271295,1675.5035224445558,0.0,0.7967967275714285
MMMMMddddddddddMMMMM,MOE/5-methylcytosines/deoxy,*******************,TCATGTCCAAAGCTTTCCAC,329.36231576163925,166.4264636432848,0.0,0.713914306142857
MMMMMddddddddddMMMMM,MOE/5-methylcytosines/deoxy,*******************,GCTGAGTGGCCAGTTCCACC,7904.521001482208,6481.884134831738,0.0,0.7403616959999999
MMMMMddddddddddMMMMM,MOE/5-methylcytosines/deoxy,*******************,TTTAGCTATTCTGACACGTT,199.71916589688925,189.2263951080039,0.0,0.7404685904285715
MMMMMddddddddddMMMMM,MOE/5-methylcytosines/deoxy,*******************,CATCGGTGTCCTTTTTCTTC,1818.7438663587857,1603.566297524533,0.0,0.7618710744285716
MMMMMddddddddddMMMMM,MOE/5-methylcytosines/deoxy,*******************,CTTCTCTTCTCTCTTTTTGT,355.0070559398282,356.88823883837756,0.0,0.7546479859999999
MMMMMddddddddddMMMMM,MOE/5-methylcytosines/deoxy,*******************,TCGGTAAACTCTTTTTCAAA,0.0,0.0,0.0,0.7086028220000001
MMMMMddddddddddMMMMM,MOE/5-methylcytosines/deoxy,*******************,CTCTAGTTTCTTTAACTGTG,0.0,0.0,0.0,0.7425226180714285
MMMMMddddddddddMMMMM,MOE/5-methylcytosines/deoxy,*******************,AGCCATGATGTCAGGTTTGA,578.8292319505617,373.74106044889993,0.0,0.7706399179285713
MMMMMddddddddddMMMMM,MOE/5-methylcytosines/deoxy,*******************,AGGCATGTGACAAGTCTCTC,0.0,0.0,0.0,0.7528958345714286
MMMMMddddddddddMMMMM,MOE/5-methylcytosines/deoxy,*******************,ATCATAGACTCTGCCAACCG,6530.266020551844,5412.708478057518,1721107414.5036783,0.7457183258571429
MMMMMddddddddddMMMMM,MOE/5-methylcytosines/deoxy,*******************,ACTCTGCCAACCGTGTTTCA,6657.885755490563,5407.60380657585,13566572336.188705,0.6910227482142857
MMMMMddddddddddMMMMM,MOE/5-methylcytosines/deoxy,*******************,CTTCATTTCTAATAAACGCT,0.0,0.0,0.0,0.737335879
MMMMMddddddddddMMMMM,MOE/5-methylcytosines/deoxy,*******************,TGTCTGGGATCCACGGCTTT,9185.865794628573,8889.183494469838,983637130295.9828,0.7266515528571429
MMMMMddddddddddMMMMM,MOE/5-methylcytosines/deoxy,*******************,TCTAAGAGTTCATTCTCTGA,241.3590338452264,0.0,0.0,0.7463627872142856
MMMMMddddddddddMMMMM,MOE/5-methylcytosines/deoxy,*******************,AAGCCCTTCATGTCCAAAGC,6209.831574337599,5595.958549512223,599159837.4923517,0.7562051209999999
MMMMMddddddddddMMMMM,MOE/5-methylcytosines/deoxy,*******************,GGAAAGTTCTCCATCATCTC,192.86856121800255,0.0,0.0,0.7477038960714285
MMMMMddddddddddMMMMM,MOE/5-methylcytosines/deoxy,*******************,ACGTATGAGTGTCTAGATTA,0.0,0.0,0.0,0.7508169747142858
MMMMMddddddddddMMMMM,MOE/5-methylcytosines/deoxy,*******************,ATCTTGCTTTCCCGGCAGCC,18777.112421801245,17827.323588210063,119005990588.76904,0.7427336502142855
MMMMMddddddddddMMMMM,MOE/5-methylcytosines/deoxy,*******************,TATTGTTCTTTTGCACTGAT,0.0,0.0,0.0,0.7532653570000001
MMMMMddddddddddMMMMM,MOE/5-methylcytosines/deoxy,*******************,CTGAGCCGTGGCCGTAGTCT,15897.910054765209,14681.491101803664,242764908049.21155,0.748379929642857
MMMMMddddddddddMMMMM,MOE/5-methylcytosines/deoxy,*******************,CGTAGTCTCTTCACATTGCT,0.0,0.0,0.0,0.7412421808571429
MMMMMddddddddddMMMMM,MOE/5-methylcytosines/deoxy,*******************,AGTGGCTTTGGAAAGTTCTC,1573.9742485912275,671.2732526161278,0.0,0.7426623464285714
MMMMMddddddddddMMMMM,MOE/5-methylcytosines/deoxy,*******************,CTAATATCTTCAAGGCGATG,0.0,0.0,0.0,0.7391616867142857
MMMMMddddddddddMMMMM,MOE/5-methylcytosines/deoxy,*******************,GAGTCGTATTAATTTCGATA,0.0,0.0,0.0,0.7393311696428571
MMMMMddddddddddMMMMM,MOE/5-methylcytosines/deoxy,*******************,GGGCTTTTAGACACTGTATG,0.0,0.0,0.0,0.7533445900714286
MMMMMddddddddddMMMMM,MOE/5-methylcytosines/deoxy,*******************,TGAATCATAGACTCTGCCAA,3912.282603185308,3102.0779238478117,0.0,0.745850435
MMMMMddddddddddMMMMM,MOE/5-methylcytosines/deoxy,*******************,GTATATCAGGGTACTTCTCT,0.0,0.0,0.0,0.7314214345
MMMMMddddddddddMMMMM,MOE/5-methylcytosines/deoxy,*******************,CATCAATGGCATAGTATCCT,0.0,0.0,0.0,0.7277163616428572
MMMMMddddddddddMMMMM,MOE/5-methylcytosines/deoxy,*******************,ATTGCTTGCATGAATGTGGT,0.0,0.0,0.0,0.7283396387142856
MMMMMddddddddddMMMMM,MOE/5-methylcytosines/deoxy,*******************,CCAGGCATGTGACAAGTCTC,5284.213434522614,4734.914822996243,0.0,0.7505000096428572
MMMMMddddddddddMMMMM,MOE/5-methylcytosines/deoxy,*******************,TGTGAACGTGACCCTTCTGT,8524.842321306229,7652.528790563161,5971589425.016611,0.7622843500000002
MMMMMddddddddddMMMMM,MOE/5-methylcytosines/deoxy,*******************,CGCATAAATTCATTTCTGAT,0.0,0.0,0.0,0.7226495731428572
MMMMMddddddddddMMMMM,MOE/5-methylcytosines/deoxy,*******************,CTCTGGTATAACTTTTCCAT,0.0,0.0,0.0,0.7366724656428572
MMMMMddddddddddMMMMM,MOE/5-methylcytosines/deoxy,*******************,GTCATCATATTGGGGTGTCT,1261.063069171172,1024.7716426922266,0.0,0.7348149635714284
MMMMMddddddddddMMMMM,MOE/5-methylcytosines/deoxy,*******************,AGTTTTCAGTCATTTCATGA,0.0,0.0,0.0,0.7396973586428572
MMMMMddddddddddMMMMM,MOE/5-methylcytosines/deoxy,*******************,GGAGTCCTTGTTGAGTTGCA,858.5762444394879,678.7294674118406,0.0,0.7926390352857141
MMMMMddddddddddMMMMM,MOE/5-methylcytosines/deoxy,*******************,GGAAGATGCTTTATTAAGTT,0.0,0.0,0.0,0.7358605082142857
MMMMMddddddddddMMMMM,MOE/5-methylcytosines/deoxy,*******************,TGTGAAGTCTGGATCCATTC,1443.1157507555304,802.9285447193888,0.0,0.7452431927857143
MMMMMddddddddddMMMMM,MOE/5-methylcytosines/deoxy,*******************,TTTTGTTGGCGTTCGAGTCT,2328.97006952483,2025.5554751021064,1243951000.1720843,0.7495255380714285
MMMMMddddddddddMMMMM,MOE/5-methylcytosines/deoxy,*******************,GTAAAGTTCTGATGCTTTCT,192.89511028299805,0.0,0.0,0.7533563810714285
MMMMMddddddddddMMMMM,MOE/5-methylcytosines/deoxy,*******************,GAAGGCACAGTCGAGGCTGA,3021.590694273949,3159.6682090677955,0.0,0.7288670498571429
MMMMMddddddddddMMMMM,MOE/5-methylcytosines/deoxy,*******************,TAGCGTTGTTTTCTGATCTG,0.0,0.0,0.0,0.7913316465
MMMMMddddddddddMMMMM,MOE/5-methylcytosines/deoxy,*******************,TTTTGCTCTTCTTTATCTCT,0.0,0.0,0.0,0.7536022497857141
MMMMMddddddddddMMMMM,MOE/5-methylcytosines/deoxy,*******************,CTTGATCTATGCAAATGTCT,0.0,0.0,0.0,0.7383870174285715
MMMMMddddddddddMMMMM,MOE/5-methylcytosines/deoxy,*******************,GGTTTAAATTCTTTCTTTGG,183.60951857124917,181.49866944138043,0.0,0.7311405332142857
MMMMMddddddddddMMMMM,MOE/5-methylcytosines/deoxy,*******************,GTGTGAACGTGACCCTTCTG,8443.101859273576,7611.107204646176,5971589425.016611,0.7645754042142858
MMMMMddddddddddMMMMM,MOE/5-methylcytosines/deoxy,*******************,CCAGGAAATGAAGTAGCGTT,0.0,0.0,0.0,0.7244781509285714
MMMMMddddddddddMMMMM,MOE/5-methylcytosines/deoxy,*******************,CTTTTCCAGCGTTTCTACAG,1906.511336176059,1488.0352116838267,0.0,0.7335600365
MMMMMddddddddddMMMMM,MOE/5-methylcytosines/deoxy,*******************,TGTCAGGTTTGATGTTGTTC,166.56170958863183,0.0,0.0,0.7744867348571428
MMMMMddddddddddMMMMM,MOE/5-methylcytosines/deoxy,*******************,TAGCATTTAGGTGACCTTAT,371.57745595825713,173.86960791892412,0.0,0.7431672646428572
MMMMMddddddddddMMMMM,MOE/5-methylcytosines/deoxy,*******************,ATGGCATCCGCATTCCTGGA,6441.457491483312,4879.650349575028,0.0,0.7091505100714286
MMMMMddddddddddMMMMM,MOE/5-methylcytosines/deoxy,*******************,GGCATGTGACAAGTCTCTCA,0.0,0.0,0.0,0.7511285436428573
MMMMMddddddddddMMMMM,MOE/5-methylcytosines/deoxy,*******************,TAGAAGGCACAGTCGAGGCT,167.81138075013845,376.14341508065286,0.0,0.7088712752142857
MMMMMddddddddddMMMMM,MOE/5-methylcytosines/deoxy,*******************,AAGTCTGGATCCATTCCATC,2376.2875574666627,1148.5607725239931,0.0,0.7422334644285715
MMMMMddddddddddMMMMM,MOE/5-methylcytosines/deoxy,*******************,TATCTCTTCGCAGGCAGTAC,2478.3509763083766,2614.2879164473884,0.0,0.7374748467857144
MMMMMddddddddddMMMMM,MOE/5-methylcytosines/deoxy,*******************,TCTACAGAGACTTTACTAGC,0.0,0.0,0.0,0.7233793990714286
MMMMMddddddddddMMMMM,MOE/5-methylcytosines/deoxy,*******************,GCCATCATTCTTAATGCATT,0.0,0.0,0.0,0.7375805169285713
MMMMMddddddddddMMMMM,MOE/5-methylcytosines/deoxy,*******************,TTGCTGGTCAAAGACACTCG,196.02268082761842,161.35129914371737,0.0,0.7438023796428572
MMMMMddddddddddMMMMM,MOE/5-methylcytosines/deoxy,*******************,CCTTCTTTAGAGGGAGGCAA,1066.2578376868871,866.6457856291536,0.0,0.7397969451428572
MMMMMddddddddddMMMMM,MOE/5-methylcytosines/deoxy,*******************,TCTTTTGGCATCGGTGTCCT,2203.481500668328,2364.084494202884,0.0,0.7547659994285716
MMMMMddddddddddMMMMM,MOE/5-methylcytosines/deoxy,*******************,TTCTGTTGCTTTCTACATTA,368.69117752228203,188.3517446381804,0.0,0.7624066845714286
MMMMMddddddddddMMMMM,MOE/5-methylcytosines/deoxy,*******************,TCGCAGGCAGTACTGACAGC,2119.115626976016,2102.5821355065173,0.0,0.7356226713571429
MMMMMddddddddddMMMMM,MOE/5-methylcytosines/deoxy,*******************,TTGCATGAATGTGGTTCTGA,535.439530218586,364.37806949222414,0.0,0.7570386159285716
MMMMMddddddddddMMMMM,MOE/5-methylcytosines/deoxy,*******************,CTCAGTCTTCATTTCTAATA,0.0,0.0,0.0,0.7582156390714286
MMMMMddddddddddMMMMM,MOE/5-methylcytosines/deoxy,*******************,ATCTCTTCGCAGGCAGTACT,2478.3509763083766,2614.2879164473884,0.0,0.7299179274285713
MMMMMddddddddddMMMMM,MOE/5-methylcytosines/deoxy,*******************,GCTGCCTTCCCATCTGCCTC,17805.78020821768,15911.456189625953,751109587254.8777,0.7387956619285715
MMMMMddddddddddMMMMM,MOE/5-methylcytosines/deoxy,*******************,TTCTCCTTTATTGCTTGCAT,215.08040336086913,215.84583673498608,0.0,0.7738947835714285
MMMMMddddddddddMMMMM,MOE/5-methylcytosines/deoxy,*******************,CCTGAGGTGAGATCTGTCGG,1768.516726978682,1496.2610653947004,0.0,0.7554465512142857
MMMMMddddddddddMMMMM,MOE/5-methylcytosines/deoxy,*******************,TAGCTTTGTCTAAAGGTTCC,0.0,0.0,0.0,0.7664700872857143
MMMMMddddddddddMMMMM,MOE/5-methylcytosines/deoxy,*******************,TACAAACTTTCAGAACAGGC,0.0,0.0,0.0,0.7258352889999999
MMMMMddddddddddMMMMM,MOE/5-methylcytosines/deoxy,*******************,TGTCAACTGCACTTTCTGAT,407.345207588158,0.0,0.0,0.725110444357143
MMMMMddddddddddMMMMM,MOE/5-methylcytosines/deoxy,*******************,CTGGCAACTAGAAGGCACAG,0.0,0.0,0.0,0.7536001717142857
MMMMMddddddddddMMMMM,MOE/5-methylcytosines/deoxy,*******************,TGGAGGTCTCTCTTTCTTGC,1160.3787022005226,541.5636868776982,0.0,0.7269525162142857
MMMMMddddddddddMMMMM,MOE/5-methylcytosines/deoxy,*******************,TGATCTGCTGATTTTGTGTC,547.8809754787937,512.833524501142,0.0,0.7545864658571428
MMMMMddddddddddMMMMM,MOE/5-methylcytosines/deoxy,*******************,TCAAGGATGCTTTCTTCCCC,15308.347202461377,14078.557395839282,1484605696.7473454,0.7591059123571428
MMMMMddddddddddMMMMM,MOE/5-methylcytosines/deoxy,*******************,AGGGCATTGATGAGCTGCAT,601.3248558675673,570.2353505857254,0.0,0.7536344829999999
MMMMMddddddddddMMMMM,MOE/5-methylcytosines/deoxy,*******************,TTGCTTGATCTATGCAAATG,0.0,0.0,0.0,0.7524183212857143
MMMMMddddddddddMMMMM,MOE/5-methylcytosines/deoxy,*******************,CTGGGATACACACTCATCAA,362.51303856238985,364.1971412850487,0.0,0.7102963872857143
MMMMMddddddddddMMMMM,MOE/5-methylcytosines/deoxy,*******************,TAGTCTCTTCACATTGCTCA,0.0,0.0,0.0,0.7457575062142857
MMMMMddddddddddMMMMM,MOE/5-methylcytosines/deoxy,*******************,CTAGAAGGCACAGTCGAGGC,167.81138075013845,376.14341508065286,0.0,0.712524337
MMMMMddddddddddMMMMM,MOE/5-methylcytosines/deoxy,*******************,TTCCCGCAATGGTGCCTTTT,13296.104873510983,12074.910446329317,28235953803.899727,0.7347080585
MMMMMddddddddddMMMMM,MOE/5-methylcytosines/deoxy,*******************,TCCACAACGCATAAATTCAT,0.0,0.0,0.0,0.6974008619285714
MMMMMddddddddddMMMMM,MOE/5-methylcytosines/deoxy,*******************,TTCTGACACGTTTTTCTTTT,0.0,0.0,0.0,0.7535647100714286
MMMMMddddddddddMMMMM,MOE/5-methylcytosines/deoxy,*******************,CTCTGCTTCTCTTTTTTTGA,1134.9072513773353,720.7370095855322,0.0,0.7546479859999999
MMMMMddddddddddMMMMM,MOE/5-methylcytosines/deoxy,*******************,CAGATTATCCATCACTCCTG,3496.252255910228,2341.301235115446,0.0,0.7224465623571428
MMMMMddddddddddMMMMM,MOE/5-methylcytosines/deoxy,*******************,GCTTTGGAAAGTTCTCCATC,0.0,0.0,0.0,0.7418251241428572
MMMMMddddddddddMMMMM,MOE/5-methylcytosines/deoxy,*******************,GTAGTTTCCCATTAGCAATA,1283.1311639289595,918.0259053092974,0.0,0.7180319030714287
MMMMMddddddddddMMMMM,MOE/5-methylcytosines/deoxy,*******************,TGCTCTTGATCAGGAAGATG,390.81655155046275,381.1673314460048,0.0,0.7696458513571428
MMMMMddddddddddMMMMM,MOE/5-methylcytosines/deoxy,*******************,AGGTTTGAGCATTCCGGGAG,13424.468315500615,12541.677285540587,1978550977.9534292,0.742595612
MMMMMddddddddddMMMMM,MOE/5-methylcytosines/deoxy,*******************,ATATCATCATTCTGATTTCC,0.0,0.0,0.0,0.7344165975
MMMMMddddddddddMMMMM,MOE/5-methylcytosines/deoxy,*******************,TATCATCATTCTGATTTCCT,204.20022801577704,0.0,0.0,0.7321255432857143
MMMMMddddddddddMMMMM,MOE/5-methylcytosines/deoxy,*******************,GTTTTCAGTCATTTCATGAG,0.0,0.0,0.0,0.7379300677142856
MMMMMddddddddddMMMMM,MOE/5-methylcytosines/deoxy,*******************,ATCTTTGCCTCTTTTTTCTG,3661.4458390158434,2358.317359255112,0.0,0.7423584380714287
MMMMMddddddddddMMMMM,MOE/5-methylcytosines/deoxy,*******************,CTCTTCTAGTTTTGCTTGAT,0.0,0.0,0.0,0.7680265219285715
MMMMMddddddddddMMMMM,MOE/5-methylcytosines/deoxy,*******************,AGGTTTGATGTTGTTCACCT,0.0,0.0,0.0,0.7745587167142857
MMMMMddddddddddMMMMM,MOE/5-methylcytosines/deoxy,*******************,CTTGGCGACTGGAGTCCTTG,4045.4861730667676,3439.3502658156103,0.0,0.7354209589285716
MMMMMddddddddddMMMMM,MOE/5-methylcytosines/deoxy,*******************,CAGTAGACGTATGAGTGTCT,0.0,0.0,0.0,0.7358066665714285
MMMMMddddddddddMMMMM,MOE/5-methylcytosines/deoxy,*******************,GAGGTCTCTCTTTCTTGCTC,788.0414335291025,169.6561454231734,0.0,0.7466583737142857
MMMMMddddddddddMMMMM,MOE/5-methylcytosines/deoxy,*******************,TGGCATCGGTGTCCTTTTTC,2598.8931635735753,2765.042979573361,0.0,0.7761933541428572
MMMMMddddddddddMMMMM,MOE/5-methylcytosines/deoxy,*******************,TGGGAGTGGCACCTTCCAGG,10568.828234320226,10514.798274201754,764356953.4261049,0.7422206241428573
MMMMMddddddddddMMMMM,MOE/5-methylcytosines/deoxy,*******************,TCATTTCATGAGGTCTGATC,414.78163165566116,351.3472251667647,0.0,0.7636118197142858
MMMMMddddddddddMMMMM,MOE/5-methylcytosines/deoxy,*******************,CTTTTTCTTCTGTCGCGGAA,2582.238266859469,2195.679600018798,490692883.7639787,0.7346010415714286
MMMMMddddddddddMMMMM,MOE/5-methylcytosines/deoxy,*******************,GGTTTGATGTTGTTCACCTG,193.1779917929932,168.30891787102874,0.0,0.7725481986428571
MMMMMddddddddddMMMMM,MOE/5-methylcytosines/deoxy,*******************,CTTCTTCTCAGCTGCCTTGA,7961.426796601013,6545.378545817079,0.0,0.7463579937142857
MMMMMddddddddddMMMMM,MOE/5-methylcytosines/deoxy,*******************,TCATTAATCTTTGCCTCTTT,3461.2542425608517,2171.2920223204824,0.0,0.733381571
MMMMMddddddddddMMMMM,MOE/5-methylcytosines/deoxy,*******************,TTTGAGCATTCCGGGAGCCA,14318.163050651161,13613.617540373549,5791574595.239432,0.7267993870714285
MMMMMddddddddddMMMMM,MOE/5-methylcytosines/deoxy,*******************,TCTGATCTTTAACCAATTCA,0.0,0.0,0.0,0.7454625046428571
MMMMMddddddddddMMMMM,MOE/5-methylcytosines/deoxy,*******************,CCCTTCATGTCCAAAGCTTT,2281.793416847671,1685.977190426892,0.0,0.7661066974285714
MMMMMddddddddddMMMMM,MOE/5-methylcytosines/deoxy,*******************,GACCACTGAATGGCATCCGC,1804.4633160885544,830.2845279348289,0.0,0.7320146270714287
MMMMMddddddddddMMMMM,MOE/5-methylcytosines/deoxy,*******************,AATGTACTGCATCACCATTT,389.38344102565304,378.7385120791633,0.0,0.7375685772142857
MMMMMddddddddddMMMMM,MOE/5-methylcytosines/deoxy,*******************,ATACTGAAGTCCTTTTCCCG,5680.204694630592,4727.80499722177,12313863345.287539,0.7568005563571428
MMMMMddddddddddMMMMM,MOE/5-methylcytosines/deoxy,*******************,CCAGCAGATTATCCATCACT,0.0,0.0,0.0,0.7401203817142857
MMMMMddddddddddMMMMM,MOE/5-methylcytosines/deoxy,*******************,CCCGCAATGGTGCCTTTTTA,4818.339752559327,3631.0191611330315,26317672101.662785,0.736765244142857
MMMMMddddddddddMMMMM,MOE/5-methylcytosines/deoxy,*******************,TTTCTTTGGTTTCAACCCAA,176.11742325682295,0.0,0.0,0.7560785992857143
MMMMMddddddddddMMMMM,MOE/5-methylcytosines/deoxy,*******************,ATTAAGCTCCTTGGCGACTG,10112.637486777998,9690.64676793418,649821190.978864,0.7430757408571429
MMMMMddddddddddMMMMM,MOE/5-methylcytosines/deoxy,*******************,CAGGGCATTGATGAGCTGCA,601.3248558675673,570.2353505857254,0.0,0.7610714810714284
MMMMMddddddddddMMMMM,MOE/5-methylcytosines/deoxy,*******************,AAATTCTTTTCCAGCGTTTC,1939.465840695628,1653.8299911292197,0.0,0.764580939
MMMMMddddddddddMMMMM,MOE/5-methylcytosines/deoxy,*******************,CCATTCCATCTCTATGCAAT,922.0845305389319,528.1726273339544,0.0,0.748618525857143
MMMMMddddddddddMMMMM,MOE/5-methylcytosines/deoxy,*******************,TAAGAGTTCATTCTCTGACA,241.3590338452264,0.0,0.0,0.7401951007857142
MMMMMddddddddddMMMMM,MOE/5-methylcytosines/deoxy,*******************,GCAATGGTGCCTTTTTATCT,3614.54815427816,2471.2610326927997,0.0,0.7426170434285714
MMMMMddddddddddMMMMM,MOE/5-methylcytosines/deoxy,*******************,TTTCCTCTGCTTCTCTTTTT,7057.153848233925,5645.204311128545,1349132017.6504462,0.7493640952142858
MMMMMddddddddddMMMMM,MOE/5-methylcytosines/deoxy,*******************,GGCGACTGGAGTCCTTGTTG,3890.5361471591254,3367.2107902937073,0.0,0.7577252559285714
MMMMMddddddddddMMMMM,MOE/5-methylcytosines/deoxy,*******************,AGGTGAGATCTGTCGGCTTC,2094.777879542984,1462.9722160284625,0.0,0.7377446344285714
MMMMMddddddddddMMMMM,MOE/5-methylcytosines/deoxy,*******************,CTGAGACTCTGCCGAACATC,5594.200566199952,4781.105281009352,0.0,0.7368625962857144
MMMMMddddddddddMMMMM,MOE/5-methylcytosines/deoxy,*******************,CATACTGCGTATTCATCAGG,0.0,0.0,0.0,0.7421590630714284
MMMMMddddddddddMMMMM,MOE/5-methylcytosines/deoxy,*******************,ATCGATTTCTTCTCTTCAAT,187.30373190655382,0.0,0.0,0.7622088281428573
MMMMMddddddddddMMMMM,MOE/5-methylcytosines/deoxy,*******************,CTCCAGGCATGTGACAAGTC,7602.3682659535425,7004.672521318991,0.0,0.7636112764285714
MMMMMddddddddddMMMMM,MOE/5-methylcytosines/deoxy,*******************,AGTTCTAAGAGTTCATTCTC,0.0,0.0,0.0,0.734149906
MMMMMddddddddddMMMMM,MOE/5-methylcytosines/deoxy,*******************,CACGTTTTCATACTTATTTT,0.0,0.0,0.0,0.7377642917142858
MMMMMddddddddddMMMMM,MOE/5-methylcytosines/deoxy,*******************,GAAGTATTGTTGCCTTATAA,0.0,0.0,0.0,0.7789480829285713
MMMMMddddddddddMMMMM,MOE/5-methylcytosines/deoxy,*******************,GAAGTAGCGTTGTTTTCTGA,0.0,0.0,0.0,0.7301614575
MMMMMddddddddddMMMMM,MOE/5-methylcytosines/deoxy,*******************,TCCTTTAGTTTACAGAGAGA,0.0,0.0,0.0,0.771626172142857
MMMMMddddddddddMMMMM,MOE/5-methylcytosines/deoxy,*******************,CAGTATATCAGGGTACTTCT,0.0,0.0,0.0,0.7218523417857143
MMMMMddddddddddMMMMM,MOE/5-methylcytosines/deoxy,*******************,CTCCTTTATTGCTTGCATGA,215.08040336086913,215.84583673498608,0.0,0.7490087550714286
MMMMMddddddddddMMMMM,MOE/5-methylcytosines/deoxy,*******************,GCAACTAGAAGGCACAGTCG,0.0,0.0,0.0,0.7520359541428572
MMMMMddddddddddMMMMM,MOE/5-methylcytosines/deoxy,*******************,CTCTTCACATATTTCTACCA,0.0,0.0,0.0,0.729604701857143
MMMMMddddddddddMMMMM,MOE/5-methylcytosines/deoxy,*******************,CCAGCATATCATCCGTCAGT,1593.9089350316297,789.6120132706192,0.0,0.7323278957142857
MMMMMddddddddddMMMMM,MOE/5-methylcytosines/deoxy,*******************,ACTGCTCAGGTTCACATAAG,720.9816060829178,377.8032651559424,0.0,0.7732262329999999
MMMMMddddddddddMMMMM,MOE/5-methylcytosines/deoxy,*******************,CTCACAGGATTGCTGGTCAA,759.050245699495,503.77767974432436,0.0,0.7544417620714287
MMMMMddddddddddMMMMM,MOE/5-methylcytosines/deoxy,*******************,CTGCATCACCATTTCTTTTT,373.32733742478183,363.0255368740301,0.0,0.7249357177857142
MMMMMddddddddddMMMMM,MOE/5-methylcytosines/deoxy,*******************,CTAGTTTCTTTAACTGTGCT,0.0,0.0,0.0,0.7533713155714287
MMMMMddddddddddMMMMM,MOE/5-methylcytosines/deoxy,*******************,TTCTGATCTGCTGATTTTGT,559.9099802854713,512.833524501142,0.0,0.7268226689285714
MMMMMddddddddddMMMMM,MOE/5-methylcytosines/deoxy,*******************,GAGTCCTTGTTGAGTTGCAA,689.0134609317462,507.0900780403164,0.0,0.787612075
MMMMMddddddddddMMMMM,MOE/5-methylcytosines/deoxy,*******************,TGACAGTGGCTTTGGAAAGT,1592.0668312994262,671.2732526161278,0.0,0.7412216635714285
MMMMMddddddddddMMMMM,MOE/5-methylcytosines/deoxy,*******************,CTAAGGTTAAATCCGAAGGT,0.0,0.0,0.0,0.7373899353571428
MMMMMddddddddddMMMMM,MOE/5-methylcytosines/deoxy,*******************,CTGGAGTCCTTGTTGAGTTG,2997.2670403057173,2719.10255923225,0.0,0.7316870345714285
MMMMMddddddddddMMMMM,MOE/5-methylcytosines/deoxy,*******************,AATTCTTTTCCAGCGTTTCT,1939.465840695628,1653.8299911292197,0.0,0.7538879084285715
MMMMMddddddddddMMMMM,MOE/5-methylcytosines/deoxy,*******************,AGACTTTACTAGCTTTGTCT,0.0,0.0,0.0,0.7362101649285716
MMMMMddddddddddMMMMM,MOE/5-methylcytosines/deoxy,*******************,CATCACCATTTCTTTTTTGA,0.0,0.0,0.0,0.7638981506428569
MMMMMddddddddddMMMMM,MOE/5-methylcytosines/deoxy,*******************,CCTTCTGTCAACTGCACTTT,1183.1048921252789,684.2405913842003,0.0,0.7812765519285715
MMMMMddddddddddMMMMM,MOE/5-methylcytosines/deoxy,*******************,TTTTCCAGCGTTTCTACAGA,1888.6462894789115,1488.0352116838267,0.0,0.7351884177857142
MMMMMddddddddddMMMMM,MOE/5-methylcytosines/deoxy,*******************,ATTCTCCTTTATTGCTTGCA,215.08040336086913,215.84583673498608,0.0,0.7789217438571426
MMMMMddddddddddMMMMM,MOE/5-methylcytosines/deoxy,*******************,CTCCCTGGAATTCTTATGCT,15823.74372545559,14730.409972295622,562299034.5413343,0.7537138612857143
MMMMMddddddddddMMMMM,MOE/5-methylcytosines/deoxy,*******************,TCAGGTTCACATAAGTTGCT,0.0,0.0,0.0,0.723060569
MMMMMddddddddddMMMMM,MOE/5-methylcytosines/deoxy,*******************,ACTGGAGTCCTTGTTGAGTT,3014.7286131011497,2736.5860123724374,0.0,0.7553256517142858
MMMMMddddddddddMMMMM,MOE/5-methylcytosines/deoxy,*******************,TCTGTCGCGGAAGGCAGCCC,12542.2540416472,11047.160266715411,217649793389.8923,0.7442773715000001
MMMMMddddddddddMMMMM,MOE/5-methylcytosines/deoxy,*******************,TGGAAAGTTCTCCATCATCT,0.0,0.0,0.0,0.7628779229285715
MMMMMddddddddddMMMMM,MOE/5-methylcytosines/deoxy,*******************,ACCAGGAAATGAAGTAGCGT,0.0,0.0,0.0,0.7387434403571428
MMMMMddddddddddMMMMM,MOE/5-methylcytosines/deoxy,*******************,CTCTATGCAATACAATCTGG,0.0,0.0,0.0,0.7326188961428571
MMMMMddddddddddMMMMM,MOE/5-methylcytosines/deoxy,*******************,CTTTGTCTAAAGGTTCCAAA,0.0,0.0,0.0,0.7257591010714285
MMMMMddddddddddMMMMM,MOE/5-methylcytosines/deoxy,*******************,CTACAGAGACTTTACTAGCT,0.0,0.0,0.0,0.7343597032857143
MMMMMddddddddddMMMMM,MOE/5-methylcytosines/deoxy,*******************,GTTTCCCATTAGCAATACAA,183.02315189286443,183.252490321221,0.0,0.7280499309285714
MMMMMddddddddddMMMMM,MOE/5-methylcytosines/deoxy,*******************,CTGAAGTTATTCAGGTCAGT,0.0,0.0,0.0,0.7413373318571427
MMMMMddddddddddMMMMM,MOE/5-methylcytosines/deoxy,*******************,CAAGGATGCTTTCTTCCCCT,16766.381038142994,15787.58163970596,1954271746.4309878,0.7510316512142857
MMMMMddddddddddMMMMM,MOE/5-methylcytosines/deoxy,*******************,TTCCTTCTTCTCAGCTGCCT,5933.981101897464,4591.834406063497,0.0,0.7657244343571429
MMMMMddddddddddMMMMM,MOE/5-methylcytosines/deoxy,*******************,AGCATTCCGGGAGCCAGCAT,15005.745364979266,14233.026221856397,5791574595.239432,0.7374101499285713
MMMMMddddddddddMMMMM,MOE/5-methylcytosines/deoxy,*******************,TAACTGTGCTCCACACCATG,7575.838561361204,6497.324375462094,2801012380.51002,0.7417174389285713
MMMMMddddddddddMMMMM,MOE/5-methylcytosines/deoxy,*******************,TTCAGTATATCAGGGTACTT,0.0,0.0,0.0,0.7344280724285713
MMMMMddddddddddMMMMM,MOE/5-methylcytosines/deoxy,*******************,TCTTCTAGTTTTGCTTGATC,0.0,0.0,0.0,0.7554182086428571
MMMMMddddddddddMMMMM,MOE/5-methylcytosines/deoxy,*******************,CCGGGAGCCAGCATTCATGT,12159.916521836118,11467.225835366118,798577027.1330885,0.7341289317857144
MMMMMddddddddddMMMMM,MOE/5-methylcytosines/deoxy,*******************,ACTTCGAAAGTGTCTCATAT,0.0,0.0,0.0,0.7189673448571429
MMMMMddddddddddMMMMM,MOE/5-methylcytosines/deoxy,*******************,CTTCTCTTCAATATCTTCCT,0.0,0.0,0.0,0.7348601144285715
MMMMMddddddddddMMMMM,MOE/5-methylcytosines/deoxy,*******************,CAGTCGAGGCTGATCAGCGA,3021.844302807527,3119.554484542474,0.0,0.7278774025714284
MMMMMddddddddddMMMMM,MOE/5-methylcytosines/deoxy,*******************,CTGTCTCATCACCCTCAGTC,9052.524979590584,7939.975730318283,0.0,0.7370103702857144
MMMMMddddddddddMMMMM,MOE/5-methylcytosines/deoxy,*******************,TACAATCAGCTGGCAAGGCA,2308.5395171059577,2076.6764163901157,0.0,0.7222972402857142
MMMMMddddddddddMMMMM,MOE/5-methylcytosines/deoxy,*******************,AATTCAGTATATCAGGGTAC,0.0,0.0,0.0,0.7365267018571429
MMMMMddddddddddMMMMM,MOE/5-methylcytosines/deoxy,*******************,ATCCAGAAACAGTTTTCAGT,0.0,0.0,0.0,0.6916494712857143
MMMMMddddddddddMMMMM,MOE/5-methylcytosines/deoxy,*******************,TGATCTATGCAAATGTCTAC,0.0,0.0,0.0,0.7349534356428571
MMMMMddddddddddMMMMM,MOE/5-methylcytosines/deoxy,*******************,TAAGTTGCTATATTCACTCT,0.0,0.0,0.0,0.7446574813571429
MMMMMddddddddddMMMMM,MOE/5-methylcytosines/deoxy,*******************,TCTCTCATCTGCAGACCCCA,14599.976188053139,13870.112079102344,2089402129.9273446,0.720641180142857
MMMMMddddddddddMMMMM,MOE/5-methylcytosines/deoxy,*******************,TTAGCAATACAAGTTCCAGC,0.0,0.0,0.0,0.7176597677142856
MMMMMddddddddddMMMMM,MOE/5-methylcytosines/deoxy,*******************,TGAAGTCCTTTTCCCGCAAT,13371.379098767491,12289.20019857031,14232145047.524483,0.7761756293571428
MMMMMddddddddddMMMMM,MOE/5-methylcytosines/deoxy,*******************,CAAACTGCTCAGGTTCACAT,720.9816060829178,377.8032651559424,0.0,0.7432184056428571
MMMMMddddddddddMMMMM,MOE/5-methylcytosines/deoxy,*******************,GGAATATTACAATCAGCTGG,0.0,0.0,0.0,0.7356804921428572
MMMMMddddddddddMMMMM,MOE/5-methylcytosines/deoxy,*******************,TTGTTGGCGTTCGAGTCTTT,2328.97006952483,2025.5554751021064,1243951000.1720843,0.741644969
MMMMMddddddddddMMMMM,MOE/5-methylcytosines/deoxy,*******************,GGGTGTCTGGGATCCACGGC,10006.181116170266,9768.47121586828,983637130295.9828,0.7457201480000001
MMMMMddddddddddMMMMM,MOE/5-methylcytosines/deoxy,*******************,ACCACATCTGTCATCATATT,894.4573074847308,1026.2803463901878,0.0,0.7646447643571428
MMMMMddddddddddMMMMM,MOE/5-methylcytosines/deoxy,*******************,TAAAGCTCGTAATCTTGCCA,0.0,201.03672266343824,0.0,0.7699321377142857
MMMMMddddddddddMMMMM,MOE/5-methylcytosines/deoxy,*******************,CCAATTCCTTCTCAAGCTGT,958.2846244509692,747.035271673187,0.0,0.7608960045714285
MMMMMddddddddddMMMMM,MOE/5-methylcytosines/deoxy,*******************,ACACGCTTCCTTCTTCTCAG,4613.57145220889,4695.645777066723,0.0,0.7283018586428572
MMMMMddddddddddMMMMM,MOE/5-methylcytosines/deoxy,*******************,AGATGCTTTATTAAGTTCTG,0.0,0.0,0.0,0.7553597849999998
MMMMMddddddddddMMMMM,MOE/5-methylcytosines/deoxy,*******************,TAACTTTTCCATGTTTTCGT,396.3542406412323,704.3744959738303,0.0,0.7528622335714286
MMMMMddddddddddMMMMM,MOE/5-methylcytosines/deoxy,*******************,TGGCTGGCAACTAGAAGGCA,4176.921975428572,2747.3509320336857,0.0,0.7201141215714285
MMMMMddddddddddMMMMM,MOE/5-methylcytosines/deoxy,*******************,ATCCTCCCAGTAGACGTATG,17703.159786932913,16985.93181757997,4663119949.600025,0.7574693723571428
MMMMMddddddddddMMMMM,MOE/5-methylcytosines/deoxy,*******************,CAGGAAATGAAGTAGCGTTG,0.0,0.0,0.0,0.7309966653571428
MMMMMddddddddddMMMMM,MOE/5-methylcytosines/deoxy,*******************,CGTATTAATTTCGATAAGCC,0.0,0.0,0.0,0.7353950764999999
MMMMMddddddddddMMMMM,MOE/5-methylcytosines/deoxy,*******************,TGCTATATTCACTCTTGAAC,0.0,0.0,0.0,0.7382747985714285
MMMMMddddddddddMMMMM,MOE/5-methylcytosines/deoxy,*******************,GTCAGGTTTGATGTTGTTCA,0.0,0.0,0.0,0.7700949127142857
MMMMMddddddddddMMMMM,MOE/5-methylcytosines/deoxy,*******************,GATCCATTCCATCTCTATGC,1096.3854489771156,528.1726273339544,0.0,0.7310956162857144
MMMMMddddddddddMMMMM,MOE/5-methylcytosines/deoxy,*******************,CCAATTCAATCTTCTCATGC,0.0,0.0,0.0,0.7277451547857143
MMMMMddddddddddMMMMM,MOE/5-methylcytosines/deoxy,*******************,TCTTCATTTCTAATAAACGC,0.0,0.0,0.0,0.7367080227142858
MMMMMddddddddddMMMMM,MOE/5-methylcytosines/deoxy,*******************,ATCTAGTCTTTTTCGATATG,0.0,0.0,0.0,0.774902078
MMMMMddddddddddMMMMM,MOE/5-methylcytosines/deoxy,*******************,GGCATCCGCATTCCTGGAAG,6441.457491483312,4879.650349575028,0.0,0.7290789111428573
MMMMMddddddddddMMMMM,MOE/5-methylcytosines/deoxy,*******************,AACTGAATTGTGCCGGAGGC,11776.13063467362,10471.279494268274,1225846105.474508,0.7423654460714285
MMMMMddddddddddMMMMM,MOE/5-methylcytosines/deoxy,*******************,ACAACAGATGGCTGGCAACT,4434.69837901445,3001.047222713116,0.0,0.7533874559285714
MMMMMddddddddddMMMMM,MOE/5-methylcytosines/deoxy,*******************,AGCTGCCTTCCCATCTGCCT,16335.335911958027,14596.336840082837,751109587254.8777,0.7438226222142857
MMMMMddddddddddMMMMM,MOE/5-methylcytosines/deoxy,*******************,AATCAGCTGGCAAGGCACCA,3000.031820546293,2422.3243883253353,0.0,0.7312653632857142
MMMMMddddddddddMMMMM,MOE/5-methylcytosines/deoxy,*******************,TGTTCTTTTGCACTGATAAC,0.0,0.0,0.0,0.7532267559285714
MMMMMddddddddddMMMMM,MOE/5-methylcytosines/deoxy,*******************,CAAGCCATACTGCGTATTCA,549.4533750435971,554.8045918933237,0.0,0.7234055157857142
MMMMMddddddddddMMMMM,MOE/5-methylcytosines/deoxy,*******************,ATTCATTTCTGATGTGAAGC,0.0,0.0,0.0,0.7501856172142857
MMMMMddddddddddMMMMM,MOE/5-methylcytosines/deoxy,*******************,TTTCTTGGTGGTCGGTAAAC,2947.092457458482,2130.838376838328,0.0,0.7671041692857142
MMMMMddddddddddMMMMM,MOE/5-methylcytosines/deoxy,*******************,CTTCGCAGGCAGTACTGACA,2119.115626976016,2257.8788984535395,0.0,0.7126689489285715
MMMMMddddddddddMMMMM,MOE/5-methylcytosines/deoxy,*******************,TGCTTGCATGAATGTGGTTC,0.0,0.0,0.0,0.7593254128571428
MMMMMddddddddddMMMMM,MOE/5-methylcytosines/deoxy,*******************,ATCCACAACGCATAAATTCA,0.0,0.0,0.0,0.6921483559285715
MMMMMddddddddddMMMMM,MOE/5-methylcytosines/deoxy,*******************,CGAGGCTGATCAGCGAGCTC,1559.7488243969754,1871.334427092947,0.0,0.7434803353571429
MMMMMddddddddddMMMMM,MOE/5-methylcytosines/deoxy,*******************,CAATCTTCTCATGCTGATTT,362.31907554159454,0.0,0.0,0.7366930009285715
MMMMMddddddddddMMMMM,MOE/5-methylcytosines/deoxy,*******************,TCAATCTTCTCATGCTGATT,362.31907554159454,0.0,0.0,0.7493013142142857
MMMMMddddddddddMMMMM,MOE/5-methylcytosines/deoxy,*******************,GATTATCCATCACTCCTGTC,4358.616823861915,2929.649525155072,0.0,0.7413486240714287
MMMMMddddddddddMMMMM,MOE/5-methylcytosines/deoxy,*******************,ACTTCGGGAACTGATTCATT,2103.5680944995142,2069.2503627628994,0.0,0.7216841436428573
MMMMMddddddddddMMMMM,MOE/5-methylcytosines/deoxy,*******************,TGTTGCTTTCTACATTACAC,0.0,0.0,0.0,0.7437275952857144
MMMMMddddddddddMMMMM,MOE/5-methylcytosines/deoxy,*******************,GCGCGGCATCTTGCTTTCCC,10075.974695314237,8924.149023339949,6859633913.808002,0.7427668532142857
MMMMMddddddddddMMMMM,MOE/5-methylcytosines/deoxy,*******************,CGTTTTCATACTTATTTTCA,0.0,0.0,0.0,0.727577989642857
MMMMMddddddddddMMMMM,MOE/5-methylcytosines/deoxy,*******************,TTTCTTTTTCCTCTGCTTCT,6923.482858226685,5550.868228418094,1349132017.6504462,0.7707105482857143
MMMMMddddddddddMMMMM,MOE/5-methylcytosines/deoxy,*******************,GTTCTGAATCATAGACTCTG,0.0,0.0,0.0,0.7013258317142856
MMMMMddddddddddMMMMM,MOE/5-methylcytosines/deoxy,*******************,ATTTGAAGTATTGTTGCCTT,0.0,0.0,0.0,0.7369027875
MMMMMddddddddddMMMMM,MOE/5-methylcytosines/deoxy,*******************,GTGAGATCTGTCGGCTTCTC,2394.8394473981534,1768.571019646141,4558501282.171783,0.7646447643571428
MMMMMddddddddddMMMMM,MOE/5-methylcytosines/deoxy,*******************,ATCATCTCTAAAGGTGCTGC,1176.2447297276924,1107.0308904964188,0.0,0.7273896421428573
MMMMMddddddddddMMMMM,MOE/5-methylcytosines/deoxy,*******************,TCCTTGTTGAGTTGCAATTG,518.1475017652936,507.0900780403164,0.0,0.7537110678571428
MMMMMddddddddddMMMMM,MOE/5-methylcytosines/deoxy,*******************,TCATGTAGTTTCCCATTAGC,1332.3747299271909,939.9744276192883,0.0,0.770149423642857
MMMMMddddddddddMMMMM,MOE/5-methylcytosines/deoxy,*******************,TGAAGTATTGTTGCCTTATA,0.0,0.0,0.0,0.7785485632142857
MMMMMddddddddddMMMMM,MOE/5-methylcytosines/deoxy,*******************,TCTGATGTGAAGCCTGAAAT,0.0,0.0,0.0,0.7584215629285714
MMMMMddddddddddMMMMM,MOE/5-methylcytosines/deoxy,*******************,GGAGGTCTCTCTTTCTTGCT,788.0414335291025,169.6561454231734,0.0,0.7329667429285714
MMMMMddddddddddMMMMM,MOE/5-methylcytosines/deoxy,*******************,TTGTGTCCTTTAGTTTACAG,385.64069428521685,206.0289453688166,0.0,0.7502008769285713
MMMMMddddddddddMMMMM,MOE/5-methylcytosines/deoxy,*******************,TCTGACACGTTTTTCTTTTT,0.0,0.0,0.0,0.7548587499285713
MMMMMddddddddddMMMMM,MOE/5-methylcytosines/deoxy,*******************,ACAGTCGAGGCTGATCAGCG,3021.844302807527,3119.554484542474,0.0,0.7353144006428572
MMMMMddddddddddMMMMM,MOE/5-methylcytosines/deoxy,*******************,TTTGATGTTGTTCACCTGCT,1935.4746381144578,1824.037296212646,0.0,0.7970911052142856
MMMMMddddddddddMMMMM,MOE/5-methylcytosines/deoxy,*******************,GGTTTGAGCATTCCGGGAGC,13570.309239492899,12671.195430553904,1978550977.9534292,0.7284966190714285
MMMMMddddddddddMMMMM,MOE/5-methylcytosines/deoxy,*******************,ATCTACTTCCAATATCATCA,0.0,0.0,0.0,0.7182694415714286
MMMMMddddddddddMMMMM,MOE/5-methylcytosines/deoxy,*******************,TTTCCAAGCCATACTGCGTA,1254.7031259683595,714.3000737481002,0.0,0.7091144979999999
MMMMMddddddddddMMMMM,MOE/5-methylcytosines/deoxy,*******************,CTCCCAGTAGACGTATGAGT,1198.226863735099,851.9063708167362,0.0,0.7547576826428571
MMMMMddddddddddMMMMM,MOE/5-methylcytosines/deoxy,*******************,TTCAATCTTCTCATGCTGAT,362.31907554159454,0.0,0.0,0.7513118322857142
MMMMMddddddddddMMMMM,MOE/5-methylcytosines/deoxy,*******************,ATTCCATCTCTATGCAATAC,193.8307033749908,187.48544213435488,0.0,0.742086849142857
MMMMMddddddddddMMMMM,MOE/5-methylcytosines/deoxy,*******************,CATTGCTCATCACAACCACA,0.0,0.0,0.0,0.7330727045000002
MMMMMddddddddddMMMMM,MOE/5-methylcytosines/deoxy,*******************,GCTCTGCTTGAAGCTCATTA,370.78538288569064,368.92423396058496,0.0,0.7703818332857143
MMMMMddddddddddMMMMM,MOE/5-methylcytosines/deoxy,*******************,TGTTTTCTGATCTGCTGATT,377.93702151420007,328.76867422008024,0.0,0.7440174068571428
MMMMMddddddddddMMMMM,MOE/5-methylcytosines/deoxy,*******************,CTCTTCGCAGGCAGTACTGA,2287.431881632497,2250.616654852823,0.0,0.7221093552142859
MMMMMddddddddddMMMMM,MOE/5-methylcytosines/deoxy,*******************,CATCTGTCATCATATTGGGG,0.0,0.0,0.0,0.7400750727142859
MMMMMddddddddddMMMMM,MOE/5-methylcytosines/deoxy,*******************,TCTGGGATACACACTCATCA,381.3920287345935,383.40097958285435,0.0,0.7085332970714286
MMMMMddddddddddMMMMM,MOE/5-methylcytosines/deoxy,*******************,ATTGCTCTTGATCAGGAAGA,402.46699787015905,381.1673314460048,0.0,0.7787215952142857
MMMMMddddddddddMMMMM,MOE/5-methylcytosines/deoxy,*******************,TTTTTTTTTCTTCACCAGCT,2384.76313994311,1793.5908621969468,0.0,0.7669503697857143
MMMMMddddddddddMMMMM,MOE/5-methylcytosines/deoxy,*******************,GGCCATCATTCTTAATGCAT,0.0,0.0,0.0,0.7388015752142857
MMMMMddddddddddMMMMM,MOE/5-methylcytosines/deoxy,*******************,AACTGCTCAGGTTCACATAA,720.9816060829178,377.8032651559424,0.0,0.7601218836428572
MMMMMddddddddddMMMMM,MOE/5-methylcytosines/deoxy,*******************,ATAAGTTGCTATATTCACTC,0.0,0.0,0.0,0.7407386362857143
MMMMMddddddddddMMMMM,MOE/5-methylcytosines/deoxy,*******************,CTGTCAACTGCACTTTCTGA,403.38330159771755,0.0,0.0,0.7274014985714287
MMMMMddddddddddMMMMM,MOE/5-methylcytosines/deoxy,*******************,GTTTGATGTTGTTCACCTGC,1379.2906494415256,1134.0283967551195,0.0,0.7879061913571428
MMMMMddddddddddMMMMM,MOE/5-methylcytosines/deoxy,*******************,CCGTGGCCGTAGTCTCTTCA,13785.331856720324,12686.670699249726,27866647021.11496,0.7428603743571428
MMMMMddddddddddMMMMM,MOE/5-methylcytosines/deoxy,*******************,CACAAACTGCTCAGGTTCAC,709.4680533307524,377.8032651559424,0.0,0.7306647704285715
MMMMMddddddddddMMMMM,MOE/5-methylcytosines/deoxy,*******************,TCGTGTAACTTCGAAAGTGT,0.0,0.0,0.0,0.7280925967142858
MMMMMddddddddddMMMMM,MOE/5-methylcytosines/deoxy,*******************,AAGTAGCGTTGTTTTCTGAT,0.0,0.0,0.0,0.795433439285714
MMMMMddddddddddMMMMM,MOE/5-methylcytosines/deoxy,*******************,CAACCACAAACTGCTCAGGT,544.0317155910648,377.8032651559424,0.0,0.7037143229999999
MMMMMddddddddddMMMMM,MOE/5-methylcytosines/deoxy,*******************,TCCTTTATTGCTTGCATGAA,192.155724177065,192.83957264496075,0.0,0.7512202710714285
MMMMMddddddddddMMMMM,MOE/5-methylcytosines/deoxy,*******************,ATCTGGGATACACACTCATC,381.3920287345935,383.40097958285435,0.0,0.7310691097857144
MMMMMddddddddddMMMMM,MOE/5-methylcytosines/deoxy,*******************,GGTGACCTTATAAAGCTCGT,0.0,0.0,0.0,0.7382148689999999
MMMMMddddddddddMMMMM,MOE/5-methylcytosines/deoxy,*******************,CAGCTGCCTTGATCCTCCCA,20432.880262325703,19334.939452249037,4663119949.600025,0.7914765313571426
MMMMMddddddddddMMMMM,MOE/5-methylcytosines/deoxy,*******************,ATGGCTGGCAACTAGAAGGC,4176.921975428572,2747.3509320336857,0.0,0.7453486783571429
MMMMMddddddddddMMMMM,MOE/5-methylcytosines/deoxy,*******************,GTTCCACCTTCTTTAGAGGG,7202.858454508568,5752.08667908358,764356953.4261049,0.7629481652857141
MMMMMddddddddddMMMMM,MOE/5-methylcytosines/deoxy,*******************,ATCAATGGCATAGTATCCTA,0.0,0.0,0.0,0.7283442179285716
MMMMMddddddddddMMMMM,MOE/5-methylcytosines/deoxy,*******************,TGAGGTCTGATCTTTAACCA,0.0,0.0,0.0,0.7493640786428573
MMMMMddddddddddMMMMM,MOE/5-methylcytosines/deoxy,*******************,GGTATAACTTTTCCATGTTT,396.3542406412323,520.6030318907789,0.0,0.768514587357143
MMMMMddddddddddMMMMM,MOE/5-methylcytosines/deoxy,*******************,GATGTTGTTCACCTGCTCTT,4634.447825395364,4103.751084191626,0.0,0.7747286107857143
MMMMMddddddddddMMMMM,MOE/5-methylcytosines/deoxy,*******************,TTGATGTTGTTCACCTGCTC,4020.8458060838707,3421.9450956316587,0.0,0.7950805871428571
MMMMMddddddddddMMMMM,MOE/5-methylcytosines/deoxy,*******************,GCCGAACATCTTTTGGCATC,0.0,0.0,0.0,0.7379330187142858
MMMMMddddddddddMMMMM,MOE/5-methylcytosines/deoxy,*******************,AGTGGAGGTCTCTCTTTCTT,1144.930384682467,541.5636868776982,0.0,0.7461492687857143
MMMMMddddddddddMMMMM,MOE/5-methylcytosines/deoxy,*******************,CAGGATTGCTGGTCAAAGAC,549.8210897746483,503.77767974432436,0.0,0.7485206787142857
MMMMMddddddddddMMMMM,MOE/5-methylcytosines/deoxy,*******************,TTCATGTCCAAAGCTTTCCA,0.0,0.0,0.0,0.7219885672857143
MMMMMddddddddddMMMMM,MOE/5-methylcytosines/deoxy,*******************,CTTCATCAAGTTCAGCTCTA,0.0,0.0,0.0,0.7589806195714285
MMMMMddddddddddMMMMM,MOE/5-methylcytosines/deoxy,*******************,GGATCCATTCCATCTCTATG,1121.4763221451258,528.1726273339544,0.0,0.7430188662857142
MMMMMddddddddddMMMMM,MOE/5-methylcytosines/deoxy,*******************,GTGAAGTCTGGATCCATTCC,1636.2260857145081,807.8735873243934,0.0,0.7687075474285715
MMMMMddddddddddMMMMM,MOE/5-methylcytosines/deoxy,*******************,TTTCTCTTCAAACTCTTCTA,0.0,0.0,0.0,0.7348601144285715
MMMMMddddddddddMMMMM,MOE/5-methylcytosines/deoxy,*******************,ACCAATTCAATCTTCTCATG,0.0,0.0,0.0,0.7253469022142857
MMMMMddddddddddMMMMM,MOE/5-methylcytosines/deoxy,*******************,GACAGTGGGAGTGGCACCTT,5579.643980844485,5011.960554780807,0.0,0.7347002090714286
MMMMMddddddddddMMMMM,MOE/5-methylcytosines/deoxy,*******************,GATAAGCCAGTAAGCAGTGG,0.0,0.0,0.0,0.7506355349285715
MMMMMddddddddddMMMMM,MOE/5-methylcytosines/deoxy,*******************,CTCTGCCAACCGTGTTTCAT,3681.525117151716,3080.345719472955,13566572336.188705,0.6941454860714285
MMMMMddddddddddMMMMM,MOE/5-methylcytosines/deoxy,*******************,TTCAAGGATGCTTTCTTCCC,5693.654591828094,4710.071283733109,0.0,0.7572990352142857
MMMMMddddddddddMMMMM,MOE/5-methylcytosines/deoxy,*******************,TCTTCTCTTCAATATCTTCC,0.0,0.0,0.0,0.7368706324999998
MMMMMddddddddddMMMMM,MOE/5-methylcytosines/deoxy,*******************,GATCAGCGAGCTCTAGCATT,558.1428241579363,369.1059798661547,0.0,0.7311337919285713
MMMMMddddddddddMMMMM,MOE/5-methylcytosines/deoxy,*******************,TGCAATTCAGCCTGAGTTTC,6429.943935546739,6088.552112509032,0.0,0.7240668182857143
MMMMMddddddddddMMMMM,MOE/5-methylcytosines/deoxy,*******************,CTTTCCAAGCCATACTGCGT,1254.7031259683595,732.1497486127141,0.0,0.7217228112857145
MMMMMddddddddddMMMMM,MOE/5-methylcytosines/deoxy,*******************,CAGTAAGCAGTGGGTTCTCT,1029.7121037551422,533.9663497090503,0.0,0.7241313955714287
MMMMMddddddddddMMMMM,MOE/5-methylcytosines/deoxy,*******************,TGCCTTGATCCTCCCAGTAG,20274.36370317107,19216.425221097776,4663119949.600025,0.7586515313571429
MMMMMddddddddddMMMMM,MOE/5-methylcytosines/deoxy,*******************,CCTCTGCTCTAGTTTCTTTA,2462.0932603740803,1420.969921278307,0.0,0.7199224803571428
MMMMMddddddddddMMMMM,MOE/5-methylcytosines/deoxy,*******************,AACCAATTCAATCTTCTCAT,0.0,0.0,0.0,0.7304622437142857
MMMMMddddddddddMMMMM,MOE/5-methylcytosines/deoxy,*******************,GTGGCCGTAGTCTCTTCACA,9483.12977129192,8203.886109713718,19590959863.8916,0.7728839370714287
MMMMMddddddddddMMMMM,MOE/5-methylcytosines/deoxy,*******************,TCCTTGGCGACTGGAGTCCT,9557.786959755242,8279.505992386337,0.0,0.7337642815714285
MMMMMddddddddddMMMMM,MOE/5-methylcytosines/deoxy,*******************,ACGCTTCCTTCTTCTCAGCT,4600.027805932814,4680.13135298925,0.0,0.7618781693571427
MMMMMddddddddddMMMMM,MOE/5-methylcytosines/deoxy,*******************,GGGCATTGATGAGCTGCATA,601.3248558675673,570.2353505857254,0.0,0.7641027638571429
MMMMMddddddddddMMMMM,MOE/5-methylcytosines/deoxy,*******************,GCATATCATCCGTCAGTGTC,1789.5299725166344,993.6235030002161,0.0,0.7218507425714286
MMMMMddddddddddMMMMM,MOE/5-methylcytosines/deoxy,*******************,TACAAGCTACTTGCAGTTGA,0.0,0.0,0.0,0.7267742910714287
MMMMMddddddddddMMMMM,MOE/5-methylcytosines/deoxy,*******************,AGCTAAGGTTAAATCCGAAG,0.0,0.0,0.0,0.7407004587857144
MMMMMddddddddddMMMMM,MOE/5-methylcytosines/deoxy,*******************,CTGCTCTAGTTTCTTTAACT,0.0,0.0,0.0,0.7733731937142857
MMMMMddddddddddMMMMM,MOE/5-methylcytosines/deoxy,*******************,CTGTCGCGGAAGGCAGCCCC,17873.023362298998,16699.418189502645,24821409325466.316,0.7367204521428569
MMMMMddddddddddMMMMM,MOE/5-methylcytosines/deoxy,*******************,CTCCACACCATGTTGTAAAC,4622.55732626418,3694.838178919722,0.0,0.7166737062142856
MMMMMddddddddddMMMMM,MOE/5-methylcytosines/deoxy,*******************,GGCGATGGGATAACTCAAAC,191.33197795368687,181.90170104796988,0.0,0.7509480975
MMMMMddddddddddMMMMM,MOE/5-methylcytosines/deoxy,*******************,TGAGCCGTGGCCGTAGTCTC,15671.026054114904,14452.222937535773,242764908049.21155,0.7411127784285715
MMMMMddddddddddMMMMM,MOE/5-methylcytosines/deoxy,*******************,AACCACAAACTGCTCAGGTT,544.0317155910648,377.8032651559424,0.0,0.7023585921428571
MMMMMddddddddddMMMMM,MOE/5-methylcytosines/deoxy,*******************,CCTGGAATTCTTATGCTGGC,357.898694152435,184.642792253904,0.0,0.7272482537142858
MMMMMddddddddddMMMMM,MOE/5-methylcytosines/deoxy,*******************,CTCCTGTCTCATCACCCTCA,10809.906159552853,10235.10629786105,1349132017.6504462,0.7365835885
MMMMMddddddddddMMMMM,MOE/5-methylcytosines/deoxy,*******************,CTGATCTTTAACCAATTCAA,0.0,0.0,0.0,0.740146350642857
MMMMMddddddddddMMMMM,MOE/5-methylcytosines/deoxy,*******************,GTCCTTGTTGAGTTGCAATT,689.0134609317462,507.0900780403164,0.0,0.7627260465000001
MMMMMddddddddddMMMMM,MOE/5-methylcytosines/deoxy,*******************,CTCTTCACATTGCTCATCAC,0.0,0.0,0.0,0.7224123130714286
MMMMMddddddddddMMMMM,MOE/5-methylcytosines/deoxy,*******************,CTGAGTGGCCAGTTCCACCT,8286.06651553603,6841.434327416374,0.0,0.7338222487857144
MMMMMddddddddddMMMMM,MOE/5-methylcytosines/deoxy,*******************,TTTTCGATATGTGAAGTCTG,0.0,0.0,0.0,0.7515581168571429
MMMMMddddddddddMMMMM,MOE/5-methylcytosines/deoxy,*******************,TTCTCTTCTCTCTTTTTGTT,187.24062893620126,184.2205881344581,0.0,0.7420396727142856
MMMMMddddddddddMMMMM,MOE/5-methylcytosines/deoxy,*******************,GATCTATGCAAATGTCTACA,0.0,0.0,0.0,0.7325010814285715
MMMMMddddddddddMMMMM,MOE/5-methylcytosines/deoxy,*******************,CAAGGCGATGGGATAACTCA,191.33197795368687,181.90170104796988,0.0,0.7313307775714286
MMMMMddddddddddMMMMM,MOE/5-methylcytosines/deoxy,*******************,TTTAAGTTGGATATCCAGGC,0.0,0.0,0.0,0.7642283768571428
MMMMMddddddddddMMMMM,MOE/5-methylcytosines/deoxy,*******************,GGTCAGTAAGAAAGTCTTCC,0.0,0.0,0.0,0.7319939384999999
MMMMMddddddddddMMMMM,MOE/5-methylcytosines/deoxy,*******************,TGCAGACCCCATTTTCAGCT,14684.134441133885,14124.260104044559,2089402129.9273446,0.7085503836428572
MMMMMddddddddddMMMMM,MOE/5-methylcytosines/deoxy,*******************,ACTCATAATTCTTTCCAAGC,0.0,0.0,0.0,0.7300705372857142
MMMMMddddddddddMMMMM,MOE/5-methylcytosines/deoxy,*******************,CTCAAGTTTACAAAGCAAAT,0.0,0.0,0.0,0.7498435680714285
MMMMMddddddddddMMMMM,MOE/5-methylcytosines/deoxy,*******************,TTAATTGCTCTTGATCAGGA,402.46699787015905,377.2568446865406,0.0,0.7464736525714286
MMMMMddddddddddMMMMM,MOE/5-methylcytosines/deoxy,*******************,CACAACGCATAAATTCATTT,0.0,0.0,0.0,0.7133294586428571
MMMMMddddddddddMMMMM,MOE/5-methylcytosines/deoxy,*******************,ACAGGATTGCTGGTCAAAGA,549.8210897746483,503.77767974432436,0.0,0.7377337849285713
MMMMMddddddddddMMMMM,MOE/5-methylcytosines/deoxy,*******************,CAGTAAGAAAGTCTTCCACA,377.6818995703518,161.9445024493928,0.0,0.7387421914285716
MMMMMddddddddddMMMMM,MOE/5-methylcytosines/deoxy,*******************,GTCTGATCTTTAACCAATTC,0.0,0.0,0.0,0.7544413115
MMMMMddddddddddMMMMM,MOE/5-methylcytosines/deoxy,*******************,CATCAGGGCTTTTAGACACT,0.0,0.0,0.0,0.7464229572142858
MMMMMddddddddddMMMMM,MOE/5-methylcytosines/deoxy,*******************,ATAAAGCTCGTAATCTTGCC,0.0,190.06523023643655,0.0,0.7681252605714287
MMMMMddddddddddMMMMM,MOE/5-methylcytosines/deoxy,*******************,AATTGCTCTTGATCAGGAAG,402.46699787015905,381.1673314460048,0.0,0.7800298479285713
MMMMMddddddddddMMMMM,MOE/5-methylcytosines/deoxy,*******************,TCTGCTTCTCTTTTTTTGAT,1076.1394629661906,702.7857237300151,0.0,0.7495078132857144
MMMMMddddddddddMMMMM,MOE/5-methylcytosines/deoxy,*******************,ATGCAGTCTTCAGGTTGGGA,1109.8162781428807,505.93160063952723,0.0,0.7402334237857141
MMMMMddddddddddMMMMM,MOE/5-methylcytosines/deoxy,*******************,TTCATTTACTTTTATCCAGA,0.0,0.0,0.0,0.7418754496428572
MMMMMddddddddddMMMMM,MOE/5-methylcytosines/deoxy,*******************,CTTTCTCTTCAAACTCTTCT,0.0,0.0,0.0,0.7368706324999998
MMMMMddddddddddMMMMM,MOE/5-methylcytosines/deoxy,*******************,CAGTTTTCAGTCATTTCATG,0.0,0.0,0.0,0.7392978389285715
MMMMMddddddddddMMMMM,MOE/5-methylcytosines/deoxy,*******************,GCAAACAACAGATGGCTGGC,4318.42191676173,2932.7100085392867,0.0,0.7139354693571429
MMMMMddddddddddMMMMM,MOE/5-methylcytosines/deoxy,*******************,TCAGGTTTAAATTCTTTCTT,0.0,0.0,0.0,0.7418459863571429
MMMMMddddddddddMMMMM,MOE/5-methylcytosines/deoxy,*******************,AGCCGTGGCCGTAGTCTCTT,15222.074067286181,14106.933040078084,242764908049.21155,0.7379456355000001
MMMMMddddddddddMMMMM,MOE/5-methylcytosines/deoxy,*******************,CCTCAGTCTTCATTTCTAAT,0.0,0.0,0.0,0.7511314931428572
MMMMMddddddddddMMMMM,MOE/5-methylcytosines/deoxy,*******************,GCTCATGAATGAATTCCTGA,0.0,0.0,0.0,0.7399054700714286
MMMMMddddddddddMMMMM,MOE/5-methylcytosines/deoxy,*******************,TTCTAAGAGTTCATTCTCTG,229.36574907405944,0.0,0.0,0.7354824715
MMMMMddddddddddMMMMM,MOE/5-methylcytosines/deoxy,*******************,GAAGTTCCGTTTCCTTTTTT,1951.3934365163295,1723.3194021099248,2024465250.0289204,0.7610884728571429
MMMMMddddddddddMMMMM,MOE/5-methylcytosines/deoxy,*******************,TTGGCATCGGTGTCCTTTTT,2216.5405120722407,2410.973156003981,0.0,0.7298184680714287
MMMMMddddddddddMMMMM,MOE/5-methylcytosines/deoxy,*******************,TGACAAGTCTCTCATCTGCA,220.43385433515937,0.0,0.0,0.7504197900714287
MMMMMddddddddddMMMMM,MOE/5-methylcytosines/deoxy,*******************,ATAGCACTGAGCCGTGGCCG,15891.426289415396,14729.59356530434,223344770451.27332,0.7271376357142857
MMMMMddddddddddMMMMM,MOE/5-methylcytosines/deoxy,*******************,ATCCATTCCATCTCTATGCA,922.0845305389319,528.1726273339544,0.0,0.734880536
MMMMMddddddddddMMMMM,MOE/5-methylcytosines/deoxy,*******************,TGAACTGAATTGTGCCGGAG,10298.09880031724,9243.828796551641,1225846105.474508,0.7494861160714287
MMMMMddddddddddMMMMM,MOE/5-methylcytosines/deoxy,*******************,TAGCACTGAGCCGTGGCCGT,16009.796386790917,14823.16239273507,223590116893.1553,0.7274244160000001
MMMMMddddddddddMMMMM,MOE/5-methylcytosines/deoxy,*******************,GCAAATGTCTACAAACTGGG,0.0,0.0,0.0,0.7757942887142858
MMMMMddddddddddMMMMM,MOE/5-methylcytosines/deoxy,*******************,TGATTTTGTGTCCTTTAGTT,399.3805727273574,219.59476885060585,0.0,0.7709504066428572
MMMMMddddddddddMMMMM,MOE/5-methylcytosines/deoxy,*******************,TTCCCATTAGCAATACAAGT,183.02315189286443,183.252490321221,0.0,0.7124423590714286
MMMMMddddddddddMMMMM,MOE/5-methylcytosines/deoxy,*******************,TGAATTGTGCCGGAGGCCTT,14643.487658361997,13055.7992753044,20870234211.031994,0.7473931390714287
MMMMMddddddddddMMMMM,MOE/5-methylcytosines/deoxy,*******************,TCTCTGACAGTGGCTTTGGA,1621.6970969213157,700.8211008196763,0.0,0.7074860540714286
MMMMMddddddddddMMMMM,MOE/5-methylcytosines/deoxy,*******************,CTTTTCCATGTTTTCGTGTA,0.0,183.77146408305146,0.0,0.7959952169285714
MMMMMddddddddddMMMMM,MOE/5-methylcytosines/deoxy,*******************,GGCGCTTCTCCCCAGGCTCC,20886.86821771546,19894.464512472307,125220845452336.61,0.7529009644285714
MMMMMddddddddddMMMMM,MOE/5-methylcytosines/deoxy,*******************,TCTTTAGCTATTCTGACACG,199.71916589688925,189.2263951080039,0.0,0.7532362725714287
MMMMMddddddddddMMMMM,MOE/5-methylcytosines/deoxy,*******************,GACTGAGACTCTGCCGAACA,5594.200566199952,4781.105281009352,0.0,0.7457183258571429
MMMMMddddddddddMMMMM,MOE/5-methylcytosines/deoxy,*******************,AACTGTGCTCCACACCATGT,7575.838561361204,6497.324375462094,2801012380.51002,0.7343282410714285
MMMMMddddddddddMMMMM,MOE/5-methylcytosines/deoxy,*******************,TGCATACCGCAGAGAGAAGT,522.4714031515404,319.52572068606617,0.0,0.6800469790714285
MMMMMddddddddddMMMMM,MOE/5-methylcytosines/deoxy,*******************,AAGGCGATGGGATAACTCAA,191.33197795368687,181.90170104796988,0.0,0.7401598739285714
MMMMMddddddddddMMMMM,MOE/5-methylcytosines/deoxy,*******************,TCATCCGTCAGTGTCCTAAT,2550.939731264322,1558.8074255902843,0.0,0.7484762370714286
MMMMMddddddddddMMMMM,MOE/5-methylcytosines/deoxy,*******************,CTTTGGAAAGTTCTCCATCA,0.0,0.0,0.0,0.7489092700714286
MMMMMddddddddddMMMMM,MOE/5-methylcytosines/deoxy,*******************,GAAAGTTCTCCATCATCTCT,208.15123432296969,0.0,0.0,0.7399482478571429
MMMMMddddddddddMMMMM,MOE/5-methylcytosines/deoxy,*******************,CCATCACTCCTGTCTCATCA,7004.209913156738,6213.504705499457,1349132017.6504462,0.7153410859999999
MMMMMddddddddddMMMMM,MOE/5-methylcytosines/deoxy,*******************,GCTCCACACCATGTTGTAAA,4653.297853929139,3703.0401337409244,0.0,0.7119161334285714
MMMMMddddddddddMMMMM,MOE/5-methylcytosines/deoxy,*******************,GGGAAAGGTTTCCAATTCCT,0.0,0.0,0.0,0.7588060932857142
MMMMMddddddddddMMMMM,MOE/5-methylcytosines/deoxy,*******************,CACCATTTCTTTTTTGATAC,0.0,0.0,0.0,0.7500477967857143
MMMMMddddddddddMMMMM,MOE/5-methylcytosines/deoxy,*******************,CGATTTCTTCTCTTCAATAT,187.30373190655382,0.0,0.0,0.7657244343571429
MMMMMddddddddddMMMMM,MOE/5-methylcytosines/deoxy,*******************,TGACCTTATAAAGCTCGTAA,0.0,0.0,0.0,0.7366942707142856
MMMMMddddddddddMMMMM,MOE/5-methylcytosines/deoxy,*******************,TTTTTTTTCTTCACCAGCTG,3644.3082173222897,2624.1289807542203,0.0,0.75787744
MMMMMddddddddddMMMMM,MOE/5-methylcytosines/deoxy,*******************,GAGTCTTTCTCGCTCTGCTA,8217.365084012103,7560.39854414736,599159837.4923517,0.7431342015
MMMMMddddddddddMMMMM,MOE/5-methylcytosines/deoxy,*******************,CTTCTCCCCAGGCTCCTCGG,22252.017945446365,21072.724464087303,846214284385586.4,0.7221254783571428
MMMMMddddddddddMMMMM,MOE/5-methylcytosines/deoxy,*******************,ACAGTGGGAGTGGCACCTTC,5607.212264709027,5043.667307521408,0.0,0.7236056835
MMMMMddddddddddMMMMM,MOE/5-methylcytosines/deoxy,*******************,TCTTCACATTGCTCATCACA,0.0,0.0,0.0,0.7474618372142856
MMMMMddddddddddMMMMM,MOE/5-methylcytosines/deoxy,*******************,TCAGCGAGCTCTAGCATTTA,558.1428241579363,369.1059798661547,0.0,0.7193770934285715
MMMMMddddddddddMMMMM,MOE/5-methylcytosines/deoxy,*******************,TCCGGGAGCCAGCATTCATG,14822.003363937425,14039.94259940526,5791574595.239432,0.7263132760000001
MMMMMddddddddddMMMMM,MOE/5-methylcytosines/deoxy,*******************,GAAAGTGTCTCATATTGTTC,0.0,0.0,0.0,0.7601318758571429
MMMMMddddddddddMMMMM,MOE/5-methylcytosines/deoxy,*******************,TGCATGAATGTGGTTCTGAA,535.439530218586,364.37806949222414,0.0,0.7361428601428571
MMMMMddddddddddMMMMM,MOE/5-methylcytosines/deoxy,*******************,TCCTGTCTCATCACCCTCAG,10672.996968287081,10077.045052951185,1349132017.6504462,0.7425978152142857
MMMMMddddddddddMMMMM,MOE/5-methylcytosines/deoxy,*******************,TGGCACCCGAAAAGAGCTCA,12402.329643107574,11708.609869489475,3351329605.2432,0.7219609052857141
MMMMMddddddddddMMMMM,MOE/5-methylcytosines/deoxy,*******************,CTTCCTGTCTTAGAAGCAGT,2471.1195366117636,1645.9941496133886,0.0,0.7597892492142859
MMMMMddddddddddMMMMM,MOE/5-methylcytosines/deoxy,*******************,TGGCGACTGGAGTCCTTGTT,3970.9400603387994,3415.079622712686,0.0,0.7540211782857142
MMMMMddddddddddMMMMM,MOE/5-methylcytosines/deoxy,*******************,GTTCACATAAGTTGCTATAT,0.0,0.0,0.0,0.7468283552857143
MMMMMddddddddddMMMMM,MOE/5-methylcytosines/deoxy,*******************,CTTGCATGAATGTGGTTCTG,535.439530218586,364.37806949222414,0.0,0.7532536962142858
MMMMMddddddddddMMMMM,MOE/5-methylcytosines/deoxy,*******************,TGAGGTGAGATCTGTCGGCT,2270.489681658624,1634.750373875664,0.0,0.7571032285714286
MMMMMddddddddddMMMMM,MOE/5-methylcytosines/deoxy,*******************,GAGCCAGCATTCATGTAGTT,178.40120498615855,165.76289542021155,0.0,0.7231402015714286
MMMMMddddddddddMMMMM,MOE/5-methylcytosines/deoxy,*******************,CCTTCTTCACATCAATGGCA,1084.3730516052888,1058.5949235582725,0.0,0.7428133345714285
MMMMMddddddddddMMMMM,MOE/5-methylcytosines/deoxy,*******************,TGCTTTCCCGGCAGCCGCGG,21950.418803497265,20978.673866852274,526090000852161.56,0.7247553621428571
MMMMMddddddddddMMMMM,MOE/5-methylcytosines/deoxy,*******************,CATTAATCTTTGCCTCTTTT,3634.331459905222,2332.9862465673855,0.0,0.7410313473571428
MMMMMddddddddddMMMMM,MOE/5-methylcytosines/deoxy,*******************,TTCCTCTTCTCTTCTCTCTT,3905.510396205167,3373.379088882974,0.0,0.7661239540714286
MMMMMddddddddddMMMMM,MOE/5-methylcytosines/deoxy,*******************,AGGTTTCCAATTCCTTCTCA,397.20210906460335,386.7032451999512,0.0,0.7479436936428572
MMMMMddddddddddMMMMM,MOE/5-methylcytosines/deoxy,*******************,TCTTTCTTGCTCCCTGGAAT,16749.690180416455,16010.687444758838,562299034.5413343,0.7746963849285713
MMMMMddddddddddMMMMM,MOE/5-methylcytosines/deoxy,*******************,ATCAGCGAGCTCTAGCATTT,558.1428241579363,369.1059798661547,0.0,0.7282768434285715
MMMMMddddddddddMMMMM,MOE/5-methylcytosines/deoxy,*******************,GCTCTAGTTTCTTTAACTGT,0.0,0.0,0.0,0.7503363162857143
MMMMMddddddddddMMMMM,MOE/5-methylcytosines/deoxy,*******************,CACATATTTCTACCAGGAAA,1075.510046830671,1034.3491060913627,0.0,0.7556474202857143
MMMMMddddddddddMMMMM,MOE/5-methylcytosines/deoxy,*******************,AGAAGGCACAGTCGAGGCTG,2215.9355733466273,2211.732345835145,0.0,0.7361955059999998
MMMMMddddddddddMMMMM,MOE/5-methylcytosines/deoxy,*******************,AAGTTGGATATCCAGGCCAT,11679.239479708242,10506.784077619204,399288513.56654423,0.7492137597142857
MMMMMddddddddddMMMMM,MOE/5-methylcytosines/deoxy,*******************,GACAGTGGCTTTGGAAAGTT,1590.6952191386263,671.2732526161278,0.0,0.7401329679285716
MMMMMddddddddddMMMMM,MOE/5-methylcytosines/deoxy,*******************,AGGGCTTCAACTTCGGGAAC,1987.1100293295167,2148.0258277395933,0.0,0.7282197536428571
MMMMMddddddddddMMMMM,MOE/5-methylcytosines/deoxy,*******************,TCCTCTTCTCTTCTCTCTTT,2983.659249919014,2508.613719871876,0.0,0.7542007040714286
MMMMMddddddddddMMMMM,MOE/5-methylcytosines/deoxy,*******************,TCTTAATCGATTTCTTCTCT,0.0,0.0,0.0,0.7482336219999999
MMMMMddddddddddMMMMM,MOE/5-methylcytosines/deoxy,*******************,CCCTCTGCTCTAGTTTCTTT,9609.425960369284,8785.145340128132,0.0,0.7362815723571429
MMMMMddddddddddMMMMM,MOE/5-methylcytosines/deoxy,*******************,AACAGATGGCTGGCAACTAG,4434.69837901445,3001.047222713116,0.0,0.7317473277857142
MMMMMddddddddddMMMMM,MOE/5-methylcytosines/deoxy,*******************,TCTGGATCCATTCCATCTCT,2309.9310451433007,1115.3658064000979,0.0,0.7321059187857143
MMMMMddddddddddMMMMM,MOE/5-methylcytosines/deoxy,*******************,TGTTGAGTTGCAATTGATAT,0.0,0.0,0.0,0.7451132485714285
MMMMMddddddddddMMMMM,MOE/5-methylcytosines/deoxy,*******************,AACTTCGAAAGTGTCTCATA,0.0,0.0,0.0,0.7310984032857144
MMMMMddddddddddMMMMM,MOE/5-methylcytosines/deoxy,*******************,CCATGATGTCAGGTTTGATG,346.8256157490281,183.36568181130636,0.0,0.7629651765000001
MMMMMddddddddddMMMMM,MOE/5-methylcytosines/deoxy,*******************,CTGTGCTCCACACCATGTTG,7718.565173713519,6586.818989663385,2801012380.51002,0.7328795340714286
MMMMMddddddddddMMMMM,MOE/5-methylcytosines/deoxy,*******************,TGGTATAACTTTTCCATGTT,396.3542406412323,520.6030318907789,0.0,0.7263081862857143
MMMMMddddddddddMMMMM,MOE/5-methylcytosines/deoxy,*******************,TCCTCTGCTTCTCTTTTTTT,6469.426600197318,5258.439095099295,0.0,0.7540621671428571
MMMMMddddddddddMMMMM,MOE/5-methylcytosines/deoxy,*******************,CACCTTCTTCACATCAATGG,2305.8139790159057,2131.74065140125,0.0,0.7572334742857142
MMMMMddddddddddMMMMM,MOE/5-methylcytosines/deoxy,*******************,AATGGCATCCGCATTCCTGG,6419.91515424877,4854.482394699828,0.0,0.7118541105714286
MMMMMddddddddddMMMMM,MOE/5-methylcytosines/deoxy,*******************,ACCTTCTTCACATCAATGGC,1136.7057076812875,1095.8338895657034,0.0,0.7551030349285713
MMMMMddddddddddMMMMM,MOE/5-methylcytosines/deoxy,*******************,GAGGTCTGATCTTTAACCAA,0.0,0.0,0.0,0.747230337357143
MMMMMddddddddddMMMMM,MOE/5-methylcytosines/deoxy,*******************,TTTGTGTCCTTTAGTTTACA,399.3805727273574,219.59476885060585,0.0,0.7424953282857142
MMMMMddddddddddMMMMM,MOE/5-methylcytosines/deoxy,*******************,CTTTTTTGATACTGAAGTCC,0.0,0.0,0.0,0.7725824853571428
MMMMMddddddddddMMMMM,MOE/5-methylcytosines/deoxy,*******************,CTGCCTTCCCATCTGCCTCA,17810.901997774752,15927.26334241244,189216663661.64297,0.7281026313571429
MMMMMddddddddddMMMMM,MOE/5-methylcytosines/deoxy,*******************,TAGTTTCTTTAACTGTGCTC,0.0,0.0,0.0,0.7494692122142856
MMMMMddddddddddMMMMM,MOE/5-methylcytosines/deoxy,*******************,TGGAATTCTTATGCTGGCAA,357.898694152435,184.642792253904,0.0,0.7401372452142857
MMMMMddddddddddMMMMM,MOE/5-methylcytosines/deoxy,*******************,TCATAATTCTTTCCAAGCCA,705.2497509247621,177.34515671939042,0.0,0.741499565642857
MMMMMddddddddddMMMMM,MOE/5-methylcytosines/deoxy,*******************,ATCCAAGCCCTTCATGTCCA,9662.968364236054,8770.132992378423,2623625087.521272,0.7256505757857143
MMMMMddddddddddMMMMM,MOE/5-methylcytosines/deoxy,*******************,ATTTTTTTTTCTTCACCAGC,2357.6876979349618,1779.860184317742,0.0,0.7687176607142856
MMMMMddddddddddMMMMM,MOE/5-methylcytosines/deoxy,*******************,GCCAGCAGGGCTTCAACTTC,4767.964455835001,3959.057983529108,0.0,0.7389872105
MMMMMddddddddddMMMMM,MOE/5-methylcytosines/deoxy,*******************,AGCCATACTGCGTATTCATC,549.4533750435971,554.8045918933237,0.0,0.704850406
MMMMMddddddddddMMMMM,MOE/5-methylcytosines/deoxy,*******************,ATGTGAAGTCTGGATCCATT,1443.1157507555304,802.9285447193888,0.0,0.7432597021428571
MMMMMddddddddddMMMMM,MOE/5-methylcytosines/deoxy,*******************,GATGGCTGGCAACTAGAAGG,4214.779571411061,2785.3619355148107,0.0,0.7350886823571431
MMMMMddddddddddMMMMM,MOE/5-methylcytosines/deoxy,*******************,GCCGTGGCCGTAGTCTCTTC,14956.822609005718,13683.953878458664,242764908049.21155,0.7410534972142857
MMMMMddddddddddMMMMM,MOE/5-methylcytosines/deoxy,*******************,CAGGAAGATTGAAAGGTTCT,0.0,0.0,0.0,0.7495962933571427
MMMMMddddddddddMMMMM,MOE/5-methylcytosines/deoxy,*******************,TTCTGTCGCGGAAGGCAGCC,4758.5416003226555,3681.8829230334395,490692883.7639787,0.7340224617142858
MMMMMddddddddddMMMMM,MOE/5-methylcytosines/deoxy,*******************,AGGCCATCATTCTTAATGCA,0.0,0.0,0.0,0.7344165975
MMMMMddddddddddMMMMM,MOE/5-methylcytosines/deoxy,*******************,TGCCTCAAATTCTTTTCCAG,178.47459976281053,165.79477944539312,0.0,0.7236460412142858
MMMMMddddddddddMMMMM,MOE/5-methylcytosines/deoxy,*******************,GTCTTCATTTCTAATAAACG,0.0,0.0,0.0,0.7489977230714285
MMMMMddddddddddMMMMM,MOE/5-methylcytosines/deoxy,*******************,TTGCTCTTGATCAGGAAGAT,402.46699787015905,381.1673314460048,0.0,0.7819355517142856
MMMMMddddddddddMMMMM,MOE/5-methylcytosines/deoxy,*******************,TTCTTTTTCCTCTGCTTCTC,7183.294592444221,5775.216013603268,1349132017.6504462,0.7616376185
MMMMMddddddddddMMMMM,MOE/5-methylcytosines/deoxy,*******************,GACTGGAGTCCTTGTTGAGT,3014.7286131011497,2736.5860123724374,0.0,0.7475099959285715
MMMMMddddddddddMMMMM,MOE/5-methylcytosines/deoxy,*******************,GCTTCTCTTAAGACTTCCTG,336.77498472232617,175.94740727529754,0.0,0.7313320747857143
MMMMMddddddddddMMMMM,MOE/5-methylcytosines/deoxy,*******************,GTAATCTTGCCAGCAGGGCT,6779.2537402857015,5557.506042269072,0.0,0.7711842610714285
MMMMMddddddddddMMMMM,MOE/5-methylcytosines/deoxy,*******************,CTTCACATCAATGGCATAGT,0.0,0.0,0.0,0.72086706
MMMMMddddddddddMMMMM,MOE/5-methylcytosines/deoxy,*******************,ATTCCGGGAGCCAGCATTCA,14926.511799754408,14145.985867717567,5791574595.239432,0.7351106190714286
MMMMMddddddddddMMMMM,MOE/5-methylcytosines/deoxy,*******************,AAGGATGCTTTCTTCCCCTA,16865.6928285404,15895.447663893174,1954271746.4309878,0.7539322957857143
MMMMMddddddddddMMMMM,MOE/5-methylcytosines/deoxy,*******************,TCTCTTTTTGTTGGCAACAA,195.4888982347541,375.38579364898567,0.0,0.7914691982857143
MMMMMddddddddddMMMMM,MOE/5-methylcytosines/deoxy,*******************,TCATGCTGATTTCAGGTTTA,0.0,0.0,0.0,0.7577730161428572
MMMMMddddddddddMMMMM,MOE/5-methylcytosines/deoxy,*******************,TACTGCATCACCATTTCTTT,389.38344102565304,378.7385120791633,0.0,0.7351006055000001
MMMMMddddddddddMMMMM,MOE/5-methylcytosines/deoxy,*******************,AGCATATCATCCGTCAGTGT,1789.5299725166344,960.0494674874061,0.0,0.7212228862857143
MMMMMddddddddddMMMMM,MOE/5-methylcytosines/deoxy,*******************,AGTAGACGTATGAGTGTCTA,0.0,0.0,0.0,0.7277324054285714
MMMMMddddddddddMMMMM,MOE/5-methylcytosines/deoxy,*******************,TTGTCATGCAAGTCCTCAGG,1552.9745596936168,1378.8916208027108,0.0,0.7279616701428572
MMMMMddddddddddMMMMM,MOE/5-methylcytosines/deoxy,*******************,AGAATAGCACTGAGCCGTGG,6677.902979522135,5667.879362074178,1104896287.9252746,0.7109433096428572
MMMMMddddddddddMMMMM,MOE/5-methylcytosines/deoxy,*******************,TCTTTTTTTGATATTCTCCT,0.0,0.0,0.0,0.7715022701428571
MMMMMddddddddddMMMMM,MOE/5-methylcytosines/deoxy,*******************,TCTGCCTCAAATTCTTTTCC,8521.683216516343,7629.267305416399,0.0,0.7168860498571428
MMMMMddddddddddMMMMM,MOE/5-methylcytosines/deoxy,*******************,TCACTCCTGTCTCATCACCC,8289.02195688915,7464.002123550775,1349132017.6504462,0.7571553657142857
MMMMMddddddddddMMMMM,MOE/5-methylcytosines/deoxy,*******************,GAGCCGTGGCCGTAGTCTCT,15522.655897166713,14387.771363705784,242764908049.21155,0.7333026654999999
MMMMMddddddddddMMMMM,MOE/5-methylcytosines/deoxy,*******************,TCATAGACTCTGCCAACCGT,6547.414513662137,5422.800666353855,1721107414.5036783,0.719161544142857
MMMMMddddddddddMMMMM,MOE/5-methylcytosines/deoxy,*******************,AGCTTGGGTCTCCCTATAGT,9876.156731612926,8675.802271483779,5974964020.4873,0.7535945007857144
MMMMMddddddddddMMMMM,MOE/5-methylcytosines/deoxy,*******************,TCACTCTTGAACTGAGACAA,0.0,0.0,0.0,0.7667221173571429
MMMMMddddddddddMMMMM,MOE/5-methylcytosines/deoxy,*******************,AGGTCTGATCTTTAACCAAT,0.0,0.0,0.0,0.7593394844285715
MMMMMddddddddddMMMMM,MOE/5-methylcytosines/deoxy,*******************,TTCCAATTCCTTCTCAAGCT,779.9809180052252,561.1930356556702,0.0,0.7310956162857144
MMMMMddddddddddMMMMM,MOE/5-methylcytosines/deoxy,*******************,CCTCCCAGTAGACGTATGAG,17085.650494798047,16390.52691161988,2289062350.8457694,0.7540335577857143
MMMMMddddddddddMMMMM,MOE/5-methylcytosines/deoxy,*******************,GAGAATTTTGTCCTCCAAGG,6260.126465022524,4952.418604487254,3037849146.677479,0.7904870334999999
MMMMMddddddddddMMMMM,MOE/5-methylcytosines/deoxy,*******************,TATCCTATTATACTCTGGTA,0.0,0.0,0.0,0.7434179398571427
MMMMMddddddddddMMMMM,MOE/5-methylcytosines/deoxy,*******************,CAGGTTCACATAAGTTGCTA,0.0,0.0,0.0,0.7157890682857143
MMMMMddddddddddMMMMM,MOE/5-methylcytosines/deoxy,*******************,CAATATCTCTTTCAATCCAC,0.0,0.0,0.0,0.7434819590714286
MMMMMddddddddddMMMMM,MOE/5-methylcytosines/deoxy,*******************,CAAATGTCTACAAACTGGGT,0.0,0.0,0.0,0.724086939357143
MMMMMddddddddddMMMMM,MOE/5-methylcytosines/deoxy,*******************,CACTGAGCCGTGGCCGTAGT,16030.452850091056,14801.981829333941,242764908049.21155,0.7305593780714287
MMMMMddddddddddMMMMM,MOE/5-methylcytosines/deoxy,*******************,CGCGGCATCTTGCTTTCCCG,9919.50978175295,8572.612610323733,818304868.2241058,0.7445737303571429
MMMMMddddddddddMMMMM,MOE/5-methylcytosines/deoxy,*******************,GAATCATAGACTCTGCCAAC,3912.282603185308,3102.0779238478117,0.0,0.7436379114999999
MMMMMddddddddddMMMMM,MOE/5-methylcytosines/deoxy,*******************,GGCTTCAACTTCGGGAACTG,2122.341401942335,2259.757026817205,0.0,0.7272760178571429
MMMMMddddddddddMMMMM,MOE/5-methylcytosines/deoxy,*******************,GATTTTGTGTCCTTTAGTTT,399.3805727273574,219.59476885060585,0.0,0.7643234286428572
MMMMMddddddddddMMMMM,MOE/5-methylcytosines/deoxy,*******************,CCTTGTTGAGTTGCAATTGA,518.1475017652936,507.0900780403164,0.0,0.7459554196428572
MMMMMddddddddddMMMMM,MOE/5-methylcytosines/deoxy,*******************,TCAAACTCTTCTAGTTTTGC,0.0,0.0,0.0,0.7447674759285713
MMMMMddddddddddMMMMM,MOE/5-methylcytosines/deoxy,*******************,ACTCACAGGATTGCTGGTCA,759.050245699495,503.77767974432436,0.0,0.765134792642857
MMMMMddddddddddMMMMM,MOE/5-methylcytosines/deoxy,*******************,ACTCCAGGCATGTGACAAGT,7733.973461193908,7109.31625788428,0.0,0.7172063818571429
MMMMMddddddddddMMMMM,MOE/5-methylcytosines/deoxy,*******************,ACGTTTTCATACTTATTTTC,0.0,0.0,0.0,0.7348494903571429
MMMMMddddddddddMMMMM,MOE/5-methylcytosines/deoxy,*******************,GTTCGAGTCTTTCTCGCTCT,6148.944605299161,5733.8050733091395,0.0,0.7519241130000001
MMMMMddddddddddMMMMM,MOE/5-methylcytosines/deoxy,*******************,TGCCTTCCCATCTGCCTCAA,17165.37418474914,15360.790604610936,154640242280.57422,0.7190297015714285
MMMMMddddddddddMMMMM,MOE/5-methylcytosines/deoxy,*******************,GGACTGAGACTCTGCCGAAC,5638.3560001305395,4824.649165777543,0.0,0.7397040991428572
MMMMMddddddddddMMMMM,MOE/5-methylcytosines/deoxy,*******************,GACACTGTATGACTTTATGT,191.538276976151,193.46909211244966,0.0,0.7592773857857144
MMMMMddddddddddMMMMM,MOE/5-methylcytosines/deoxy,*******************,CTTTCAATCCACAACGCATA,0.0,0.0,0.0,0.71541928
MMMMMddddddddddMMMMM,MOE/5-methylcytosines/deoxy,*******************,CCAGGCCATCATTCTTAATG,11191.687898665527,10084.107843339136,399288513.56654423,0.7411097305714284
MMMMMddddddddddMMMMM,MOE/5-methylcytosines/deoxy,*******************,GGAAGATTGAAAGGTTCTGG,0.0,0.0,0.0,0.7461754822857143
MMMMMddddddddddMMMMM,MOE/5-methylcytosines/deoxy,*******************,GAATTGTGCCGGAGGCCTTC,15117.039878519348,13298.06260763985,182712575000.61453,0.7293990345000001
MMMMMddddddddddMMMMM,MOE/5-methylcytosines/deoxy,*******************,ACCCCATTTTCAGCTCATGA,4375.447022833259,2977.7673551998378,0.0,0.7583269847142856
MMMMMddddddddddMMMMM,MOE/5-methylcytosines/deoxy,*******************,CGGGAGCCAGCATTCATGTA,4917.411313704987,4286.7652560279585,0.0,0.7281590487857142
MMMMMddddddddddMMMMM,MOE/5-methylcytosines/deoxy,*******************,TCTAGTTTCTTTAACTGTGC,0.0,0.0,0.0,0.749606764
MMMMMddddddddddMMMMM,MOE/5-methylcytosines/deoxy,*******************,TTCAACTTCGGGAACTGATT,2122.341401942335,2088.523753665847,0.0,0.7250798019285715
MMMMMddddddddddMMMMM,MOE/5-methylcytosines/deoxy,*******************,TCTGACAGTGGCTTTGGAAA,1592.0668312994262,671.2732526161278,0.0,0.7360114018571429
MMMMMddddddddddMMMMM,MOE/5-methylcytosines/deoxy,*******************,CCTTTATTGCTTGCATGAAT,0.0,0.0,0.0,0.7490898317142856
MMMMMddddddddddMMMMM,MOE/5-methylcytosines/deoxy,*******************,CTGTTGCTTTCTACATTACA,350.03351501635126,169.81554119759758,0.0,0.7518018564285712
MMMMMddddddddddMMMMM,MOE/5-methylcytosines/deoxy,*******************,GCATGTGACAAGTCTCTCAT,0.0,0.0,0.0,0.7589441994285714
MMMMMddddddddddMMMMM,MOE/5-methylcytosines/deoxy,*******************,CTTGATCCTCCCAGTAGACG,18321.27680002138,17506.62362022381,4663119949.600025,0.7192833363571429
MMMMMddddddddddMMMMM,MOE/5-methylcytosines/deoxy,*******************,AAAGTCTTCCACAGACACCT,939.8873286998984,543.3439811451174,0.0,0.7355285242142857
MMMMMddddddddddMMMMM,MOE/5-methylcytosines/deoxy,*******************,CTCTTTTTCAAATTTCTTGT,0.0,0.0,0.0,0.7401743295000001
MMMMMddddddddddMMMMM,MOE/5-methylcytosines/deoxy,*******************,CATGAATGAATTCCTGAGGT,5227.82360375041,3719.645282955955,509378187.0378747,0.7575899070000001
MMMMMddddddddddMMMMM,MOE/5-methylcytosines/deoxy,*******************,TGTGCTCCACACCATGTTGT,7652.242394563386,6470.303699297131,2801012380.51002,0.7202712207857143
MMMMMddddddddddMMMMM,MOE/5-methylcytosines/deoxy,*******************,TTCGAAAGTGTCTCATATTG,0.0,0.0,0.0,0.7378252486428573
MMMMMddddddddddMMMMM,MOE/5-methylcytosines/deoxy,*******************,GATACTGAAGTCCTTTTCCC,2804.3827806065533,2103.704518654402,0.0,0.7613748267142858
MMMMMddddddddddMMMMM,MOE/5-methylcytosines/deoxy,*******************,CAGACCCCATTTTCAGCTCA,14416.948566375546,13836.509882230937,2089402129.9273446,0.763251934142857
MMMMMddddddddddMMMMM,MOE/5-methylcytosines/deoxy,*******************,GCTTCTCCCCAGGCTCCTCG,21805.664658055488,20695.201224987297,728097706826165.8,0.7080027459285715
MMMMMddddddddddMMMMM,MOE/5-methylcytosines/deoxy,*******************,GACAGCCATGATGTCAGGTT,828.9309035910687,611.53629628147,0.0,0.7875042568571428
MMMMMddddddddddMMMMM,MOE/5-methylcytosines/deoxy,*******************,AGTGTGAACGTGACCCTTCT,6853.217483252734,6445.074925039345,3590297290.640116,0.7253953273571428
MMMMMddddddddddMMMMM,MOE/5-methylcytosines/deoxy,*******************,AAGTGTCTCATATTGTTCTT,0.0,0.0,0.0,0.7198884902142858
MMMMMddddddddddMMMMM,MOE/5-methylcytosines/deoxy,*******************,TCCCTGGAATTCTTATGCTG,14699.059417706814,13076.904782666485,92632984.85769184,0.7432852971428572
MMMMMddddddddddMMMMM,MOE/5-methylcytosines/deoxy,*******************,CCATCATCTCTAAAGGTGCT,188.80849369641595,188.91455698692783,0.0,0.7322178106428571
MMMMMddddddddddMMMMM,MOE/5-methylcytosines/deoxy,*******************,CCAAGCCCTTCATGTCCAAA,9606.149272315975,8691.812086217926,2623625087.521272,0.7505377697142857
MMMMMddddddddddMMMMM,MOE/5-methylcytosines/deoxy,*******************,CGCAGAGAGAAGTTTAACCA,0.0,0.0,0.0,0.7235998285
MMMMMddddddddddMMMMM,MOE/5-methylcytosines/deoxy,*******************,TTTCCCGGCAGCCGCGGAGA,21730.318836070364,20731.408494046103,590187485282986.2,0.7255165949285715
MMMMMddddddddddMMMMM,MOE/5-methylcytosines/deoxy,*******************,AAGTTCCGTTTCCTTTTTTC,1951.3934365163295,1723.3194021099248,2024465250.0289204,0.7598674145714285
MMMMMddddddddddMMMMM,MOE/5-methylcytosines/deoxy,*******************,CAGCCATGATGTCAGGTTTG,828.9524169328215,611.53629628147,0.0,0.7758676061428572
MMMMMddddddddddMMMMM,MOE/5-methylcytosines/deoxy,*******************,CTTCTCTTAAGACTTCCTGT,518.0720687273931,348.308809317255,0.0,0.740659788357143
MMMMMddddddddddMMMMM,MOE/5-methylcytosines/deoxy,*******************,GACAAGTCTCTCATCTGCAG,397.8905299856225,161.54661743146377,0.0,0.7316234066428572
MMMMMddddddddddMMMMM,MOE/5-methylcytosines/deoxy,*******************,TGTCGCGGAAGGCAGCCCCG,19355.173352322938,18405.66582595278,2098373779206000.5,0.7305614737142859
MMMMMddddddddddMMMMM,MOE/5-methylcytosines/deoxy,*******************,GCCATGATGTCAGGTTTGAT,564.3591258397428,373.74106044889993,0.0,0.7710394376428571
MMMMMddddddddddMMMMM,MOE/5-methylcytosines/deoxy,*******************,CGCATTCCTGGAAGTGGAGG,2335.259789971707,2213.9552003363,0.0,0.7610942250714284
MMMMMddddddddddMMMMM,MOE/5-methylcytosines/deoxy,*******************,ATTAATTTCGATAAGCCAGT,0.0,0.0,0.0,0.7463421352857144
MMMMMddddddddddMMMMM,MOE/5-methylcytosines/deoxy,*******************,TTGGCGACTGGAGTCCTTGT,4004.022467379751,3421.0573841169366,0.0,0.746937032357143
MMMMMddddddddddMMMMM,MOE/5-methylcytosines/deoxy,*******************,TTCATGTAGTTTCCCATTAG,1149.3515780343264,756.7219372980674,0.0,0.7779050718571427
MMMMMddddddddddMMMMM,MOE/5-methylcytosines/deoxy,*******************,TTCTTTTCCAGCGTTTCTAC,1939.465840695628,1653.8299911292197,0.0,0.7370099095
MMMMMddddddddddMMMMM,MOE/5-methylcytosines/deoxy,*******************,TAAGTTGGATATCCAGGCCA,11654.514037817089,10485.341676846676,399288513.56654423,0.7614914749285714
MMMMMddddddddddMMMMM,MOE/5-methylcytosines/deoxy,*******************,ATTGTAGTGTGAACGTGACC,1149.4919698553704,1392.9417878666607,0.0,0.7482094060714285
MMMMMddddddddddMMMMM,MOE/5-methylcytosines/deoxy,*******************,TCTAATATCTTCAAGGCGAT,0.0,0.0,0.0,0.729390009857143
MMMMMddddddddddMMMMM,MOE/5-methylcytosines/deoxy,*******************,TCTGTTGCTTTCTACATTAC,368.69117752228203,188.3517446381804,0.0,0.7539322957857143
MMMMMddddddddddMMMMM,MOE/5-methylcytosines/deoxy,*******************,GGCAAACAACAGATGGCTGG,372.6934196048407,374.041029686099,0.0,0.6938005862142859
MMMMMddddddddddMMMMM,MOE/5-methylcytosines/deoxy,*******************,TGCAAATGCAGTCTTCAGGT,172.40598010051363,0.0,0.0,0.7472108000714286
MMMMMddddddddddMMMMM,MOE/5-methylcytosines/deoxy,*******************,GGACAGTGGGAGTGGCACCT,5465.434690414434,4892.7760200501625,54996348353.41781,0.7275544988571429
MMMMMddddddddddMMMMM,MOE/5-methylcytosines/deoxy,*******************,CTTCGAAAGTGTCTCATATT,0.0,0.0,0.0,0.7499897701428573
MMMMMddddddddddMMMMM,MOE/5-methylcytosines/deoxy,*******************,TTGATACTGAAGTCCTTTTC,0.0,0.0,0.0,0.7356403353571429
MMMMMddddddddddMMMMM,MOE/5-methylcytosines/deoxy,*******************,CCTGCGCGGCATCTTGCTTT,10297.75904840427,9496.525441753573,39630060060.938995,0.7199971232857144
MMMMMddddddddddMMMMM,MOE/5-methylcytosines/deoxy,*******************,AGGCTGATCAGCGAGCTCTA,967.708822118552,785.2797472623022,0.0,0.7173919017857143
MMMMMddddddddddMMMMM,MOE/5-methylcytosines/deoxy,*******************,TGCTGCTGAGCAATCACTGC,207.79530245267452,185.1917306719385,0.0,0.7274356758571431
MMMMMddddddddddMMMMM,MOE/5-methylcytosines/deoxy,*******************,TTGTGCCGGAGGCCTTCCAC,17210.037730926677,15610.085946237697,18501496129283.555,0.7351875447142857
MMMMMddddddddddMMMMM,MOE/5-methylcytosines/deoxy,*******************,TGTAGTTTCCCATTAGCAAT,1332.3747299271909,939.9744276192883,0.0,0.7370172660714286
MMMMMddddddddddMMMMM,MOE/5-methylcytosines/deoxy,*******************,AATTCAATCTTCTCATGCTG,362.31907554159454,0.0,0.0,0.7304431452142855
MMMMMddddddddddMMMMM,MOE/5-methylcytosines/deoxy,*******************,GGGCTTCAACTTCGGGAACT,1796.644442332564,1963.7953411978488,0.0,0.724062061357143
MMMMMddddddddddMMMMM,MOE/5-methylcytosines/deoxy,*******************,TTGCCAGCAGGGCTTCAACT,5769.455399215008,4901.958600105431,0.0,0.7305253785714286
MMMMMddddddddddMMMMM,MOE/5-methylcytosines/deoxy,*******************,TAACAGCTTGGGTCTCCCTA,10111.825532974373,8932.543314549814,5974964020.4873,0.7413426100714285
MMMMMddddddddddMMMMM,MOE/5-methylcytosines/deoxy,*******************,TGTGGTTCTGAAGTTATTCA,728.0026347966943,546.82436575271,0.0,0.7390955204285714
MMMMMddddddddddMMMMM,MOE/5-methylcytosines/deoxy,*******************,ATAATCATTTCGAATCAGCA,0.0,0.0,0.0,0.7489977230714285
MMMMMddddddddddMMMMM,MOE/5-methylcytosines/deoxy,*******************,TCTGGTATAACTTTTCCATG,384.33332129013,510.7083046785341,0.0,0.7227659484285713
MMMMMddddddddddMMMMM,MOE/5-methylcytosines/deoxy,*******************,CAGTGGGAGTGGCACCTTCC,8911.980829643382,8083.882978885661,764356953.4261049,0.7230025228571428
MMMMMddddddddddMMMMM,MOE/5-methylcytosines/deoxy,*******************,AACAACAGATGGCTGGCAAC,4434.69837901445,3001.047222713116,0.0,0.7431274599285713
MMMMMddddddddddMMMMM,MOE/5-methylcytosines/deoxy,*******************,TTCCACTAATCAGTTTTTCC,0.0,0.0,0.0,0.7278359011428572
MMMMMddddddddddMMMMM,MOE/5-methylcytosines/deoxy,*******************,AAACGCTTTTTCTTTTGTTG,0.0,0.0,0.0,0.7709097755714284
MMMMMddddddddddMMMMM,MOE/5-methylcytosines/deoxy,*******************,GGTCTGATCTTTAACCAATT,0.0,0.0,0.0,0.7352787715
MMMMMddddddddddMMMMM,MOE/5-methylcytosines/deoxy,*******************,CCTTCCTGCGCGGCATCTTG,14344.197022516984,13442.15235857308,41790346139.1882,0.7151250727142858
MMMMMddddddddddMMMMM,MOE/5-methylcytosines/deoxy,*******************,ATTCTGATTTCCTCATATGG,449.95726908342994,201.76160450934773,0.0,0.7632831472142856
MMMMMddddddddddMMMMM,MOE/5-methylcytosines/deoxy,*******************,GAGATCTGTCGGCTTCTCTT,2394.8394473981534,1768.571019646141,4558501282.171783,0.7658964877857143
MMMMMddddddddddMMMMM,MOE/5-methylcytosines/deoxy,*******************,TTCCAAGCCATACTGCGTAT,1226.032517338546,554.8045918933237,0.0,0.7222076012857144
MMMMMddddddddddMMMMM,MOE/5-methylcytosines/deoxy,*******************,GCGGCATCTTGCTTTCCCGG,16755.168655317826,15893.748545037934,21361061831.023758,0.7651119513571428
MMMMMddddddddddMMMMM,MOE/5-methylcytosines/deoxy,*******************,TTGCTTGCATGAATGTGGTT,0.0,0.0,0.0,0.760546471142857
MMMMMddddddddddMMMMM,MOE/5-methylcytosines/deoxy,*******************,GCTGGTCAAAGACACTCGGA,165.2309015471956,0.0,0.0,0.736015072857143
MMMMMddddddddddMMMMM,MOE/5-methylcytosines/deoxy,*******************,CAAACTTTCAGAACAGGCCT,714.6573910755876,532.0938764828434,0.0,0.7351723702857144
MMMMMddddddddddMMMMM,MOE/5-methylcytosines/deoxy,*******************,ATATCTTCAAGGCGATGGGA,191.33197795368687,181.90170104796988,0.0,0.7392708567142856
MMMMMddddddddddMMMMM,MOE/5-methylcytosines/deoxy,*******************,ATTCCTTCTCAAGCTGTTGA,581.9114293392884,380.89708250285105,0.0,0.7366930009285715
MMMMMddddddddddMMMMM,MOE/5-methylcytosines/deoxy,*******************,TTTGTTGGCGTTCGAGTCTT,2328.97006952483,2025.5554751021064,1243951000.1720843,0.7384310124999999
MMMMMddddddddddMMMMM,MOE/5-methylcytosines/deoxy,*******************,GCGACTGGAGTCCTTGTTGA,2897.5205940053097,2583.517466411529,0.0,0.7523703005714285
MMMMMddddddddddMMMMM,MOE/5-methylcytosines/deoxy,*******************,ACTCCTGTCTCATCACCCTC,9607.517483865606,9024.222485791865,1349132017.6504462,0.7573412627857145
MMMMMddddddddddMMMMM,MOE/5-methylcytosines/deoxy,*******************,TGATGTTGTTCACCTGCTCT,4091.709665325318,3462.5503618402427,0.0,0.787006326
MMMMMddddddddddMMMMM,MOE/5-methylcytosines/deoxy,*******************,CAAGCCCTTCATGTCCAAAG,6229.492952523797,5807.959580133585,599159837.4923517,0.7636421190714285
MMMMMddddddddddMMMMM,MOE/5-methylcytosines/deoxy,*******************,TCAGTTTTTCCAAAATGTCT,0.0,0.0,0.0,0.7452344840714286
MMMMMddddddddddMMMMM,MOE/5-methylcytosines/deoxy,*******************,AGATCTGTCGGCTTCTCTTA,2394.8394473981534,1768.571019646141,4558501282.171783,0.7793612692142858
MMMMMddddddddddMMMMM,MOE/5-methylcytosines/deoxy,*******************,ACAATCAGCTGGCAAGGCAC,2523.5249684324276,2076.6764163901157,0.0,0.7260359035714287
MMMMMddddddddddMMMMM,MOE/5-methylcytosines/deoxy,*******************,CCAGGGCATTGATGAGCTGC,601.3248558675673,570.2353505857254,0.0,0.7683999372142856
MMMMMddddddddddMMMMM,MOE/5-methylcytosines/deoxy,*******************,GTCGCGGAAGGCAGCCCCGG,20536.430015776936,19540.024192880806,6.906329079126614e+16,0.7440262551428571
MMMMMddddddddddMMMMM,MOE/5-methylcytosines/deoxy,*******************,GTTGAGTTGCAATTGATATT,0.0,0.0,0.0,0.7516317629999999
MMMMMddddddddddMMMMM,MOE/5-methylcytosines/deoxy,*******************,ATTCTTTCTTTGGTTTCAAC,183.60951857124917,181.49866944138043,0.0,0.7400852035
MMMMMddddddddddMMMMM,MOE/5-methylcytosines/deoxy,*******************,TCATGGTTACAAACTTTCAG,0.0,0.0,0.0,0.7214576758571429
MMMMMddddddddddMMMMM,MOE/5-methylcytosines/deoxy,*******************,TGAGTCGTATTAATTTCGAT,0.0,0.0,0.0,0.7443581299285713
MMMMMddddddddddMMMMM,MOE/5-methylcytosines/deoxy,*******************,TTTCTGATTTTCATGGTTAC,0.0,0.0,0.0,0.7581337397857142
MMMMMddddddddddMMMMM,MOE/5-methylcytosines/deoxy,*******************,GCTTTTGCTCTTCTTTATCT,0.0,165.97401822632747,0.0,0.7471182910714287
MMMMMddddddddddMMMMM,MOE/5-methylcytosines/deoxy,*******************,CTGCTCAGGTTCACATAAGT,548.3882957215038,200.61241330626115,0.0,0.7710957936428571
MMMMMddddddddddMMMMM,MOE/5-methylcytosines/deoxy,*******************,TCCATCTCTATGCAATACAA,193.8307033749908,187.48544213435488,0.0,0.7277918882857143
MMMMMddddddddddMMMMM,MOE/5-methylcytosines/deoxy,*******************,ATCATCCGTCAGTGTCCTAA,2550.939731264322,1558.8074255902843,0.0,0.7350114556428571
MMMMMddddddddddMMMMM,MOE/5-methylcytosines/deoxy,*******************,CTTCCTCTTCTCTTCTCTCT,4129.792074731127,3582.4954558324016,0.0,0.7657244343571429
MMMMMddddddddddMMMMM,MOE/5-methylcytosines/deoxy,*******************,TTCGCAGGCAGTACTGACAG,2119.115626976016,2102.5821355065173,0.0,0.7369165689285715
MMMMMddddddddddMMMMM,MOE/5-methylcytosines/deoxy,*******************,CCTGTCTCATCACCCTCAGT,10321.224445362377,9621.657242364989,1349132017.6504462,0.7330727045000002
MMMMMddddddddddMMMMM,MOE/5-methylcytosines/deoxy,*******************,TCTTTTTCCTCTGCTTCTCT,7211.218167909079,5800.379219400825,1349132017.6504462,0.7337444941428571
MMMMMddddddddddMMMMM,MOE/5-methylcytosines/deoxy,*******************,TTCCTCTGCTTCTCTTTTTT,6520.739938428653,5296.97800249378,0.0,0.7497636149285712
MMMMMddddddddddMMMMM,MOE/5-methylcytosines/deoxy,*******************,GAACTGAATTGTGCCGGAGG,11467.060454440065,10249.304641715691,1225846105.474508,0.7496939022142856
MMMMMddddddddddMMMMM,MOE/5-methylcytosines/deoxy,*******************,ACACCATGTTGTAAACATCA,185.96868766494015,184.25978271761522,0.0,0.7780371528571429
MMMMMddddddddddMMMMM,MOE/5-methylcytosines/deoxy,*******************,TTCACATTGCTCATCACAAC,0.0,0.0,0.0,0.7377337849285713
MMMMMddddddddddMMMMM,MOE/5-methylcytosines/deoxy,*******************,TCCACTAATCAGTTTTTCCA,0.0,0.0,0.0,0.7152275878571428
MMMMMddddddddddMMMMM,MOE/5-methylcytosines/deoxy,*******************,TAGTGTGAACGTGACCCTTC,6747.374331926205,6302.471172968871,552448143.9626373,0.7536405170714288
MMMMMddddddddddMMMMM,MOE/5-methylcytosines/deoxy,*******************,GTGCTGAGTGGCCAGTTCCA,5412.283535418184,4770.309097704986,0.0,0.7410494405
MMMMMddddddddddMMMMM,MOE/5-methylcytosines/deoxy,*******************,TATTGCTTGCATGAATGTGG,0.0,0.0,0.0,0.7409479519999999
MMMMMddddddddddMMMMM,MOE/5-methylcytosines/deoxy,*******************,GACGTATGAGTGTCTAGATT,0.0,0.0,0.0,0.7375170202857143
MMMMMddddddddddMMMMM,MOE/5-methylcytosines/deoxy,*******************,TCAGGTTTGATGTTGTTCAC,0.0,0.0,0.0,0.7747162266428571
MMMMMddddddddddMMMMM,MOE/5-methylcytosines/deoxy,*******************,GTTTAAATTCTTTCTTTGGT,183.60951857124917,181.49866944138043,0.0,0.7371172922142858
MMMMMddddddddddMMMMM,MOE/5-methylcytosines/deoxy,*******************,TTCCATCTCTATGCAATACA,193.8307033749908,187.48544213435488,0.0,0.7351106086428573
MMMMMddddddddddMMMMM,MOE/5-methylcytosines/deoxy,*******************,CGAGTCTTTCTCGCTCTGCT,8217.365084012103,7560.39854414736,599159837.4923517,0.7550574515
MMMMMddddddddddMMMMM,MOE/5-methylcytosines/deoxy,*******************,CACTGAATGGCATCCGCATT,1617.1680633440158,635.8825943360825,0.0,0.7333730415714285
MMMMMddddddddddMMMMM,MOE/5-methylcytosines/deoxy,*******************,GCAGTTGAACTGAATTGTGC,0.0,0.0,0.0,0.7471609162857143
MMMMMddddddddddMMMMM,MOE/5-methylcytosines/deoxy,*******************,CTTGTAGCTCTGCTTGAAGC,737.6746532880167,555.2399865767139,0.0,0.7251167164285715
MMMMMddddddddddMMMMM,MOE/5-methylcytosines/deoxy,*******************,AGTCTGGATCCATTCCATCT,2376.2875574666627,1148.5607725239931,0.0,0.7331605346428571
MMMMMddddddddddMMMMM,MOE/5-methylcytosines/deoxy,*******************,CTTTACTAGCTTTGTCTAAA,0.0,0.0,0.0,0.7431082675714286
MMMMMddddddddddMMMMM,MOE/5-methylcytosines/deoxy,*******************,CATTCCGGGAGCCAGCATTC,14985.39073065322,14214.473957978737,5791574595.239432,0.7241031008571428
MMMMMddddddddddMMMMM,MOE/5-methylcytosines/deoxy,*******************,TCCCGCAATGGTGCCTTTTT,13053.34921033367,11860.471531737478,28235953803.899727,0.7417922044285713
MMMMMddddddddddMMMMM,MOE/5-methylcytosines/deoxy,*******************,AGTTGGATATCCAGGCCATC,11761.919246436226,10589.681785098668,399288513.56654423,0.729298746642857
MMMMMddddddddddMMMMM,MOE/5-methylcytosines/deoxy,*******************,GATCCTCCCAGTAGACGTAT,17955.460812185695,17199.93927723746,4663119949.600025,0.7472144625714285
MMMMMddddddddddMMMMM,MOE/5-methylcytosines/deoxy,*******************,GGCTGGCAACTAGAAGGCAC,199.8861386915001,0.0,0.0,0.7058488321428572
MMMMMddddddddddMMMMM,MOE/5-methylcytosines/deoxy,*******************,ACGTGACCCTTCTGTCAACT,8739.035398337335,7802.514322820839,5971589425.016611,0.7283617867142859
MMMMMddddddddddMMMMM,MOE/5-methylcytosines/deoxy,*******************,TATGCTCATCAAAGACTTTA,0.0,0.0,0.0,0.7159407447857141
MMMMMddddddddddMMMMM,MOE/5-methylcytosines/deoxy,*******************,AGGAAATGAAGTAGCGTTGT,0.0,0.0,0.0,0.7498052171428572
MMMMMddddddddddMMMMM,MOE/5-methylcytosines/deoxy,*******************,TGCACTGATAACAAATCTGG,0.0,0.0,0.0,0.7682854934285716
MMMMMddddddddddMMMMM,MOE/5-methylcytosines/deoxy,*******************,TCCAAGCCATACTGCGTATT,549.4533750435971,554.8045918933237,0.0,0.7313925151428571
MMMMMddddddddddMMMMM,MOE/5-methylcytosines/deoxy,*******************,CATGTCCAAAGCTTTCCACC,2287.775532576786,1016.1242964688826,0.0,0.7153104659999999
MMMMMddddddddddMMMMM,MOE/5-methylcytosines/deoxy,*******************,ATTGTGCCGGAGGCCTTCCA,16257.874254994671,14454.17414539688,6911437508206.126,0.7333806675714285
MMMMMddddddddddMMMMM,MOE/5-methylcytosines/deoxy,*******************,AGCTTGTAGCTCTGCTTGAA,936.8192597656436,559.8690978418366,0.0,0.7361641776428571
MMMMMddddddddddMMMMM,MOE/5-methylcytosines/deoxy,*******************,TGTGCCGGAGGCCTTCCACA,17255.261172786486,15654.16366412733,18501496129283.555,0.7266703622142858
MMMMMddddddddddMMMMM,MOE/5-methylcytosines/deoxy,*******************,ATCCGAAGGTTTGAGCATTC,0.0,0.0,0.0,0.73201416
MMMMMddddddddddMMMMM,MOE/5-methylcytosines/deoxy,*******************,GCGATGGGATAACTCAAACA,0.0,0.0,0.0,0.7491808065714286
MMMMMddddddddddMMMMM,MOE/5-methylcytosines/deoxy,*******************,GCTTCATCAAGTTCAGCTCT,0.0,0.0,0.0,0.7642083077857144
MMMMMddddddddddMMMMM,MOE/5-methylcytosines/deoxy,*******************,TCCATCATCTCTAAAGGTGC,396.95972801938564,188.91455698692783,0.0,0.7311881392142858
MMMMMddddddddddMMMMM,MOE/5-methylcytosines/deoxy,*******************,TTAAGTTGGATATCCAGGCC,11179.445071459331,10025.644601577465,399288513.56654423,0.7636252162142857
MMMMMddddddddddMMMMM,MOE/5-methylcytosines/deoxy,*******************,GCGTTCGAGTCTTTCTCGCT,520.7332282504559,349.1425992767133,0.0,0.7548938346428571
MMMMMddddddddddMMMMM,MOE/5-methylcytosines/deoxy,*******************,GTTTTCTGATCTGCTGATTT,377.93702151420007,328.76867422008024,0.0,0.7415650526428573
MMMMMddddddddddMMMMM,MOE/5-methylcytosines/deoxy,*******************,TTCATGGTTACAAACTTTCA,0.0,0.0,0.0,0.7394401485714287
MMMMMddddddddddMMMMM,MOE/5-methylcytosines/deoxy,*******************,CGATAAGCCAGTAAGCAGTG,0.0,0.0,0.0,0.7414506210714286
MMMMMddddddddddMMMMM,MOE/5-methylcytosines/deoxy,*******************,GAAAGTCTTCCACAGACACC,939.8873286998984,543.3439811451174,0.0,0.7459570883571428
MMMMMddddddddddMMMMM,MOE/5-methylcytosines/deoxy,*******************,GTTTACAAAGCAAATCCACG,0.0,0.0,0.0,0.7070698087857143
MMMMMddddddddddMMMMM,MOE/5-methylcytosines/deoxy,*******************,TGCGCGGCATCTTGCTTTCC,8301.703471059373,7817.198066644747,7834735240.185364,0.7471586753571428
MMMMMddddddddddMMMMM,MOE/5-methylcytosines/deoxy,*******************,TCTTGGATTTTTCCACTAAT,548.891360725011,209.49561979952733,0.0,0.7642653119999999
MMMMMddddddddddMMMMM,MOE/5-methylcytosines/deoxy,*******************,ATCATTCTGATTTCCTCATA,233.99199736110342,0.0,0.0,0.7584300089285715
MMMMMddddddddddMMMMM,MOE/5-methylcytosines/deoxy,*******************,GAAAGGTTTCCAATTCCTTC,397.20210906460335,386.7032451999512,0.0,0.7380652664999999
MMMMMddddddddddMMMMM,MOE/5-methylcytosines/deoxy,*******************,GCTGGCAACTAGAAGGCACA,0.0,0.0,0.0,0.7104701460714286
MMMMMddddddddddMMMMM,MOE/5-methylcytosines/deoxy,*******************,CAAACAACAGATGGCTGGCA,4410.458766208402,2997.155160357763,0.0,0.7270398187142858
MMMMMddddddddddMMMMM,MOE/5-methylcytosines/deoxy,*******************,TTAGACACTGTATGACTTTA,191.538276976151,193.46909211244966,0.0,0.7397438526428571
MMMMMddddddddddMMMMM,MOE/5-methylcytosines/deoxy,*******************,TCTCCATCATCTCTAAAGGT,396.95972801938564,188.91455698692783,0.0,0.7454831000714286
MMMMMddddddddddMMMMM,MOE/5-methylcytosines/deoxy,*******************,GGATACACACTCATCAATTA,0.0,0.0,0.0,0.7083610937142859
MMMMMddddddddddMMMMM,MOE/5-methylcytosines/deoxy,*******************,ACAATCTGGGATACACACTC,381.3920287345935,383.40097958285435,0.0,0.7411567572142855
MMMMMddddddddddMMMMM,MOE/5-methylcytosines/deoxy,*******************,CTCTTTCTTGCTCCCTGGAA,16752.926182397154,16006.807439097778,562299034.5413343,0.7742968652142858
MMMMMddddddddddMMMMM,MOE/5-methylcytosines/deoxy,*******************,AAACTTTCAGAACAGGCCTC,4865.607782205213,4393.909898576114,0.0,0.7269262120000001
MMMMMddddddddddMMMMM,MOE/5-methylcytosines/deoxy,*******************,TTTTTTTCTTCACCAGCTGA,3694.601080740578,2643.815733661083,0.0,0.7524063807142857
MMMMMddddddddddMMMMM,MOE/5-methylcytosines/deoxy,*******************,GTGAGTCGTATTAATTTCGA,0.0,0.0,0.0,0.7455791882142858
MMMMMddddddddddMMMMM,MOE/5-methylcytosines/deoxy,*******************,CTTCCAATATCATCATTCTG,0.0,0.0,0.0,0.7245137877857143
MMMMMddddddddddMMMMM,MOE/5-methylcytosines/deoxy,*******************,ACATCAATGGCATAGTATCC,0.0,0.0,0.0,0.7172480807857141
MMMMMddddddddddMMMMM,MOE/5-methylcytosines/deoxy,*******************,AGGCGATGGGATAACTCAAA,191.33197795368687,181.90170104796988,0.0,0.747244019857143
MMMMMddddddddddMMMMM,MOE/5-methylcytosines/deoxy,*******************,ACTGTATGACTTTATGTTGA,0.0,0.0,0.0,0.7548808913571429
MMMMMddddddddddMMMMM,MOE/5-methylcytosines/deoxy,*******************,TAACTTCGAAAGTGTCTCAT,0.0,0.0,0.0,0.7401713330714286
MMMMMddddddddddMMMMM,MOE/5-methylcytosines/deoxy,*******************,CCATTAGCAATACAAGTTCC,0.0,0.0,0.0,0.7336888920714285
MMMMMddddddddddMMMMM,MOE/5-methylcytosines/deoxy,*******************,CTGAGACATTGGACTGAGAC,0.0,0.0,0.0,0.7337946725000001
MMMMMddddddddddMMMMM,MOE/5-methylcytosines/deoxy,*******************,CTTTTTTCTGTTGCTTTCTA,368.69117752228203,188.3517446381804,0.0,0.7574555189999999
MMMMMddddddddddMMMMM,MOE/5-methylcytosines/deoxy,*******************,ATGCTGATTTCAGGTTTAAA,0.0,0.0,0.0,0.7514005042142856
MMMMMddddddddddMMMMM,MOE/5-methylcytosines/deoxy,*******************,GCTGCATACAAGCTACTTGC,0.0,0.0,0.0,0.7158775862142858
MMMMMddddddddddMMMMM,MOE/5-methylcytosines/deoxy,*******************,TGTTTCATCTACTTCCAATA,166.6013823716573,0.0,0.0,0.7326394840714284
MMMMMddddddddddMMMMM,MOE/5-methylcytosines/deoxy,*******************,TTCAAGGCGATGGGATAACT,191.33197795368687,181.90170104796988,0.0,0.7347464463571428
MMMMMddddddddddMMMMM,MOE/5-methylcytosines/deoxy,*******************,CACAGTCGAGGCTGATCAGC,3021.844302807527,3119.554484542474,0.0,0.7365354589285714
MMMMMddddddddddMMMMM,MOE/5-methylcytosines/deoxy,*******************,GCTCCCTGGAATTCTTATGC,16169.139074741464,15086.862205025134,562299034.5413343,0.7663221745714284
MMMMMddddddddddMMMMM,MOE/5-methylcytosines/deoxy,*******************,TTTTCTGATCTGCTGATTTT,377.93702151420007,328.76867422008024,0.0,0.7518250486428572
MMMMMddddddddddMMMMM,MOE/5-methylcytosines/deoxy,*******************,TCGGGAACTGATTCATTTTT,325.69695960977094,320.3446992980583,0.0,0.7272380538571428
MMMMMddddddddddMMMMM,MOE/5-methylcytosines/deoxy,*******************,AAGCTACTTGCAGTTGAACT,0.0,0.0,0.0,0.7496473007142856
MMMMMddddddddddMMMMM,MOE/5-methylcytosines/deoxy,*******************,CCTTGGCGACTGGAGTCCTT,5516.168749692326,4667.550203202444,0.0,0.7276053031428572
MMMMMddddddddddMMMMM,MOE/5-methylcytosines/deoxy,*******************,CCCTATAGTGAGTCGTATTA,196.63325078563437,0.0,0.0,0.7418041682142856
MMMMMddddddddddMMMMM,MOE/5-methylcytosines/deoxy,*******************,GTGGGAGTGGCACCTTCCAG,10359.364510259142,10277.13073842538,764356953.4261049,0.7317523432857144
MMMMMddddddddddMMMMM,MOE/5-methylcytosines/deoxy,*******************,CATAATTCTTTCCAAGCCAT,705.2497509247621,177.34515671939042,0.0,0.7522864594285714
MMMMMddddddddddMMMMM,MOE/5-methylcytosines/deoxy,*******************,GACTCTGCCGAACATCTTTT,5488.449955879561,4671.5121714269835,0.0,0.7303935459285714
MMMMMddddddddddMMMMM,MOE/5-methylcytosines/deoxy,*******************,TCCATTCCATCTCTATGCAA,922.0845305389319,528.1726273339544,0.0,0.7498395841428571
MMMMMddddddddddMMMMM,MOE/5-methylcytosines/deoxy,*******************,GTCTCATCACCCTCAGTCTT,8973.664046894804,7722.153136461966,0.0,0.7204008673571429
MMMMMddddddddddMMMMM,MOE/5-methylcytosines/deoxy,*******************,TCCCATTAGCAATACAAGTT,183.02315189286443,183.252490321221,0.0,0.7137363989285713
MMMMMddddddddddMMMMM,MOE/5-methylcytosines/deoxy,*******************,CGTTTCTACAGAGACTTTAC,0.0,0.0,0.0,0.7107914892142857
MMMMMddddddddddMMMMM,MOE/5-methylcytosines/deoxy,*******************,TTCCTGAGGTGAGATCTGTC,5456.482839609661,4286.707975129127,509378187.0378747,0.7446583276428572
MMMMMddddddddddMMMMM,MOE/5-methylcytosines/deoxy,*******************,GCGGAAGGCAGCCCCGGACT,20589.486131112546,19572.187843888914,1.334034889030967e+16,0.7293343610714286
MMMMMddddddddddMMMMM,MOE/5-methylcytosines/deoxy,*******************,TTTTCTTTTTCCTCTGCTTC,7092.009920654015,5731.34550535187,1349132017.6504462,0.7712476197857142
MMMMMddddddddddMMMMM,MOE/5-methylcytosines/deoxy,*******************,GACTTTACTAGCTTTGTCTA,0.0,0.0,0.0,0.7435618822142859
MMMMMddddddddddMMMMM,MOE/5-methylcytosines/deoxy,*******************,TTTCTGATCTGCTGATTTTG,559.9099802854713,512.833524501142,0.0,0.7312144910714287
MMMMMddddddddddMMMMM,MOE/5-methylcytosines/deoxy,*******************,ATCAGGAGATGTAACCAGGG,0.0,0.0,0.0,0.7657769424285714
MMMMMddddddddddMMMMM,MOE/5-methylcytosines/deoxy,*******************,GCCCTTCCTGCGCGGCATCT,18282.36558624123,17373.387182693095,33419674120261.45,0.7188805947857143
MMMMMddddddddddMMMMM,MOE/5-methylcytosines/deoxy,*******************,AGGAATATTACAATCAGCTG,0.0,0.0,0.0,0.7378142334285714
MMMMMddddddddddMMMMM,MOE/5-methylcytosines/deoxy,*******************,AGACCCCATTTTCAGCTCAT,14164.267004550662,13596.422125408999,2089402129.9273446,0.7619436814285715
MMMMMddddddddddMMMMM,MOE/5-methylcytosines/deoxy,*******************,GGAGTGGCACCTTCCAGGGT,10817.885693162652,10578.295967146834,764356953.4261049,0.7249351745
MMMMMddddddddddMMMMM,MOE/5-methylcytosines/deoxy,*******************,CTGCTTCTCTTTTTTTGATA,368.8785663383671,358.89238169629766,0.0,0.7482867549999999
MMMMMddddddddddMMMMM,MOE/5-methylcytosines/deoxy,*******************,TCTCATCTGCAGACCCCATT,14842.874817604043,14260.022958037538,2089402129.9273446,0.7297236383571428
MMMMMddddddddddMMMMM,MOE/5-methylcytosines/deoxy,*******************,CATAAGTTGCTATATTCACT,0.0,0.0,0.0,0.7488128974285714
MMMMMddddddddddMMMMM,MOE/5-methylcytosines/deoxy,*******************,AAGGAATATTACAATCAGCT,0.0,0.0,0.0,0.7365201935714286
MMMMMddddddddddMMMMM,MOE/5-methylcytosines/deoxy,*******************,TCTTTTTTGATACTGAAGTC,0.0,0.0,0.0,0.7747162266428571
MMMMMddddddddddMMMMM,MOE/5-methylcytosines/deoxy,*******************,GTAGACGTATGAGTGTCTAG,0.0,0.0,0.0,0.7389441538571428
MMMMMddddddddddMMMMM,MOE/5-methylcytosines/deoxy,*******************,CTCATCTGCAGACCCCATTT,14871.036378741128,14294.78172275716,2089402129.9273446,0.7348004045
MMMMMddddddddddMMMMM,MOE/5-methylcytosines/deoxy,*******************,CCACCTTCTTTAGAGGGAGG,5651.367364244469,4191.4098414036935,764356953.4261049,0.7447743969285714
MMMMMddddddddddMMMMM,MOE/5-methylcytosines/deoxy,*******************,TTTACAAAGCAAATCCACGT,0.0,0.0,0.0,0.6996328107142856
MMMMMddddddddddMMMMM,MOE/5-methylcytosines/deoxy,*******************,TCCAAGCCCTTCATGTCCAA,9667.421851996623,8774.697380974154,2623625087.521272,0.7205935161428572
MMMMMddddddddddMMMMM,MOE/5-methylcytosines/deoxy,*******************,AGGTTCCAAATCATCCACAA,0.0,0.0,0.0,0.7332824090714285
MMMMMddddddddddMMMMM,MOE/5-methylcytosines/deoxy,*******************,AACCACATCTGTCATCATAT,894.4573074847308,1026.2803463901878,0.0,0.7515404150000001
MMMMMddddddddddMMMMM,MOE/5-methylcytosines/deoxy,*******************,GAATAGCACTGAGCCGTGGC,7472.7797535033205,6568.643873926765,1104896287.9252746,0.7273962688571428
MMMMMddddddddddMMMMM,MOE/5-methylcytosines/deoxy,*******************,GCCTTGATCCTCCCAGTAGA,19758.37370413201,18752.95785860675,4663119949.600025,0.7216573950714285
MMMMMddddddddddMMMMM,MOE/5-methylcytosines/deoxy,*******************,AGGTTCACATAAGTTGCTAT,0.0,0.0,0.0,0.7028446214285715
MMMMMddddddddddMMMMM,MOE/5-methylcytosines/deoxy,*******************,TCCTGCGCGGCATCTTGCTT,11853.299285519903,11033.26126448949,41790346139.1882,0.7326054365714286
MMMMMddddddddddMMMMM,MOE/5-methylcytosines/deoxy,*******************,AACGCATAAATTCATTTCTG,0.0,0.0,0.0,0.7205106154285714
MMMMMddddddddddMMMMM,MOE/5-methylcytosines/deoxy,*******************,GCAATTCAGCCTGAGTTTCT,6429.943935546739,6088.552112509032,0.0,0.7069202547857143
MMMMMddddddddddMMMMM,MOE/5-methylcytosines/deoxy,*******************,TCCCTCTGCTCTAGTTTCTT,9966.266216898397,9153.087504199091,0.0,0.7343688480714287
MMMMMddddddddddMMMMM,MOE/5-methylcytosines/deoxy,*******************,TACAATCTGGGATACACACT,381.3920287345935,383.40097958285435,0.0,0.7457201480000001
MMMMMddddddddddMMMMM,MOE/5-methylcytosines/deoxy,*******************,AATCATAGACTCTGCCAACC,4677.47963863133,3680.7297205805903,0.0,0.7547912556428571
MMMMMddddddddddMMMMM,MOE/5-methylcytosines/deoxy,*******************,GCAATACAAGTTCCAGCAAC,0.0,167.40493096554607,0.0,0.7487392283571428
MMMMMddddddddddMMMMM,MOE/5-methylcytosines/deoxy,*******************,TATCAGGGTACTTCTCTTCA,0.0,0.0,0.0,0.7365055283571428
MMMMMddddddddddMMMMM,MOE/5-methylcytosines/deoxy,*******************,ATATTCTCCTTTATTGCTTG,210.74418510451102,211.49418663956217,0.0,0.7364751248571428
MMMMMddddddddddMMMMM,MOE/5-methylcytosines/deoxy,*******************,ACCACAAACTGCTCAGGTTC,544.0317155910648,377.8032651559424,0.0,0.7161930880714287
MMMMMddddddddddMMMMM,MOE/5-methylcytosines/deoxy,*******************,CATCATCTCTAAAGGTGCTG,0.0,0.0,0.0,0.7269901224285714
MMMMMddddddddddMMMMM,MOE/5-methylcytosines/deoxy,*******************,CAGGCATGTGACAAGTCTCT,0.0,0.0,0.0,0.7491917569285714
MMMMMddddddddddMMMMM,MOE/5-methylcytosines/deoxy,*******************,AGCTCCTTGGCGACTGGAGT,10363.081824393486,9746.979646093747,649821190.978864,0.7699160939285713
MMMMMddddddddddMMMMM,MOE/5-methylcytosines/deoxy,*******************,CATGAATGTGGTTCTGAAGT,728.0026347966943,546.82436575271,0.0,0.7705636874285714
MMMMMddddddddddMMMMM,MOE/5-methylcytosines/deoxy,*******************,TCTTCTTTATGCTCATCAAA,0.0,0.0,0.0,0.750164891
MMMMMddddddddddMMMMM,MOE/5-methylcytosines/deoxy,*******************,CGTGACCCTTCTGTCAACTG,8772.155965656022,7666.260295088709,5971589425.016611,0.7405627726428571
MMMMMddddddddddMMMMM,MOE/5-methylcytosines/deoxy,*******************,TCAACTTCGGGAACTGATTC,2122.341401942335,2088.523753665847,0.0,0.7405805885714286
MMMMMddddddddddMMMMM,MOE/5-methylcytosines/deoxy,*******************,ACAGCTTGGGTCTCCCTATA,10192.080497218565,8994.559196311626,5974964020.4873,0.7580573730714286
MMMMMddddddddddMMMMM,MOE/5-methylcytosines/deoxy,*******************,GGTTCCAAATCATCCACAAA,0.0,0.0,0.0,0.7258454109999999
MMMMMddddddddddMMMMM,MOE/5-methylcytosines/deoxy,*******************,AGTGAGTCGTATTAATTTCG,0.0,0.0,0.0,0.741518691142857
MMMMMddddddddddMMMMM,MOE/5-methylcytosines/deoxy,*******************,ATCCCTCTGCTCTAGTTTCT,9966.266216898397,9153.087504199091,0.0,0.7339693283571428
MMMMMddddddddddMMMMM,MOE/5-methylcytosines/deoxy,*******************,GCTCCTTGGCGACTGGAGTC,10107.78366221306,9135.629966400405,649821190.978864,0.759223063357143
MMMMMddddddddddMMMMM,MOE/5-methylcytosines/deoxy,*******************,GAGACATTGGACTGAGACTC,188.3263516119281,185.71804698589804,0.0,0.7399995762142858
MMMMMddddddddddMMMMM,MOE/5-methylcytosines/deoxy,*******************,GTCGGCTTCTCTTAAGACTT,860.8095625858793,958.1361688605106,4558501282.171783,0.7422445596428572
MMMMMddddddddddMMMMM,MOE/5-methylcytosines/deoxy,*******************,ATGAATGAATTCCTGAGGTG,5320.626918670364,3953.5152183765695,509378187.0378747,0.7563686122142858
MMMMMddddddddddMMMMM,MOE/5-methylcytosines/deoxy,*******************,TCTTTTTCGATATGTGAAGT,0.0,0.0,0.0,0.746741655
MMMMMddddddddddMMMMM,MOE/5-methylcytosines/deoxy,*******************,CATCTTGCTTTCCCGGCAGC,17798.923500715544,16942.072107637923,43215905961.32321,0.7480853819285714
MMMMMddddddddddMMMMM,MOE/5-methylcytosines/deoxy,*******************,ATCCAGGCCATCATTCTTAA,11571.411134191683,10393.087277872737,399288513.56654423,0.7339619431428572
MMMMMddddddddddMMMMM,MOE/5-methylcytosines/deoxy,*******************,TTCCATGTTAACAGCTTGGG,573.0956198952573,184.31350121954972,0.0,0.7797287576428572
MMMMMddddddddddMMMMM,MOE/5-methylcytosines/deoxy,*******************,TTGGGAAGTGGAGGTCTCTC,3095.4990763868122,2799.138002642352,0.0,0.7403022122857144
MMMMMddddddddddMMMMM,MOE/5-methylcytosines/deoxy,*******************,TGTCGGCTTCTCTTAAGACT,860.8095625858793,958.1361688605106,4558501282.171783,0.7429676415714287
MMMMMddddddddddMMMMM,MOE/5-methylcytosines/deoxy,*******************,CTGCCTCAAATTCTTTTCCA,0.0,0.0,0.0,0.7248670995
MMMMMddddddddddMMMMM,MOE/5-methylcytosines/deoxy,*******************,CATGCTGATTTCAGGTTTAA,0.0,0.0,0.0,0.7680330121428572
MMMMMddddddddddMMMMM,MOE/5-methylcytosines/deoxy,*******************,TTCTCTTCACATATTTCTAC,0.0,0.0,0.0,0.7236752453571429
MMMMMddddddddddMMMMM,MOE/5-methylcytosines/deoxy,*******************,AGTCCTTGTTGAGTTGCAAT,689.0134609317462,507.0900780403164,0.0,0.7750037617142856
MMMMMddddddddddMMMMM,MOE/5-methylcytosines/deoxy,*******************,GGGGCCCTTCCTGCGCGGCA,21027.39247230464,20251.463866848822,897964594899693.0,0.7343520122857142
MMMMMddddddddddMMMMM,MOE/5-methylcytosines/deoxy,*******************,TCCAAAGCTTTCCACCCAAC,17048.807624667657,16261.604481519737,2326983114.6728487,0.750627737857143
MMMMMddddddddddMMMMM,MOE/5-methylcytosines/deoxy,*******************,CTTCTTTATGCTCATCAAAG,0.0,0.0,0.0,0.7416085176428571
MMMMMddddddddddMMMMM,MOE/5-methylcytosines/deoxy,*******************,TGTTTTCGTGTAACTTCGAA,0.0,0.0,0.0,0.7651929942857144
MMMMMddddddddddMMMMM,MOE/5-methylcytosines/deoxy,*******************,CAGCTTGGGTCTCCCTATAG,10147.75068058222,8948.046178981274,5974964020.4873,0.756046855
MMMMMddddddddddMMMMM,MOE/5-methylcytosines/deoxy,*******************,AGCAAATCCACGTTTTCATA,0.0,0.0,0.0,0.7026073553571429
MMMMMddddddddddMMMMM,MOE/5-methylcytosines/deoxy,*******************,GATATGTGAAGTCTGGATCC,1394.0536976641315,802.9285447193888,0.0,0.7607928587857143
MMMMMddddddddddMMMMM,MOE/5-methylcytosines/deoxy,*******************,TTCCTGCGCGGCATCTTGCT,12207.918226505397,11144.864598933847,41790346139.1882,0.7307985594285714
MMMMMddddddddddMMMMM,MOE/5-methylcytosines/deoxy,*******************,AGCTACTTGCAGTTGAACTG,0.0,0.0,0.0,0.7561658151428572
MMMMMddddddddddMMMMM,MOE/5-methylcytosines/deoxy,*******************,TGGGAAGTGGAGGTCTCTCT,3095.4990763868122,2799.138002642352,0.0,0.7494871261428572
MMMMMddddddddddMMMMM,MOE/5-methylcytosines/deoxy,*******************,AGTGGCACCTTCCAGGGTCA,11427.161829607223,11456.998713122495,764356953.4261049,0.715291199
MMMMMddddddddddMMMMM,MOE/5-methylcytosines/deoxy,*******************,GCACCCGAAAAGAGCTCAGG,10520.658458883536,9977.661086454938,2881663555.5595574,0.7247326561428572
MMMMMddddddddddMMMMM,MOE/5-methylcytosines/deoxy,*******************,GGTCAAAGACACTCGGAGAG,488.19551842417945,154.64387570909088,0.0,0.7397405800714285
MMMMMddddddddddMMMMM,MOE/5-methylcytosines/deoxy,*******************,TCCAGGCATGTGACAAGTCT,5302.707645132435,4770.476402921341,0.0,0.749345987
MMMMMddddddddddMMMMM,MOE/5-methylcytosines/deoxy,*******************,AACCAGGGCATTGATGAGCT,3837.6979853530656,2903.8730253185217,0.0,0.7243508576428572
MMMMMddddddddddMMMMM,MOE/5-methylcytosines/deoxy,*******************,TCATTTACTTTTATCCAGAA,0.0,0.0,0.0,0.7585577177142857
MMMMMddddddddddMMMMM,MOE/5-methylcytosines/deoxy,*******************,ATATCAGGGTACTTCTCTTC,0.0,0.0,0.0,0.7322448285714287
MMMMMddddddddddMMMMM,MOE/5-methylcytosines/deoxy,*******************,AACTCACAGGATTGCTGGTC,563.0275648718765,342.426380600607,0.0,0.7614307150000001
MMMMMddddddddddMMMMM,MOE/5-methylcytosines/deoxy,*******************,AGCAATACAAGTTCCAGCAA,0.0,0.0,0.0,0.7598337539285716
MMMMMddddddddddMMMMM,MOE/5-methylcytosines/deoxy,*******************,ACTTCTCTTCACATATTTCT,206.27343817894172,203.66039358360902,0.0,0.7415392823571428
MMMMMddddddddddMMMMM,MOE/5-methylcytosines/deoxy,*******************,GGTTCTGAAGTTATTCAGGT,0.0,0.0,0.0,0.7573832014285714
MMMMMddddddddddMMMMM,MOE/5-methylcytosines/deoxy,*******************,TTTCCAATTCCTTCTCAAGC,779.9809180052252,561.1930356556702,0.0,0.726677324
MMMMMddddddddddMMMMM,MOE/5-methylcytosines/deoxy,*******************,TCCACACCATGTTGTAAACA,4485.741420012008,3572.3295934071193,0.0,0.7868103030714285
MMMMMddddddddddMMMMM,MOE/5-methylcytosines/deoxy,*******************,TGATACTGAAGTCCTTTTCC,2074.6504220340457,1504.0569734808819,0.0,0.7547726553571429
MMMMMddddddddddMMMMM,MOE/5-methylcytosines/deoxy,*******************,TCTTTCCAAGCCATACTGCG,1254.7031259683595,732.1497486127141,0.0,0.7291598093571429
MMMMMddddddddddMMMMM,MOE/5-methylcytosines/deoxy,*******************,CTGATCAGCGAGCTCTAGCA,558.1428241579363,369.1059798661547,0.0,0.7197074686428573
MMMMMddddddddddMMMMM,MOE/5-methylcytosines/deoxy,*******************,TGAAGCTCATTAATCTTTGC,0.0,0.0,0.0,0.7394654555714286
MMMMMddddddddddMMMMM,MOE/5-methylcytosines/deoxy,*******************,GCGCTTCTCCCCAGGCTCCT,21014.12511498273,19994.666025148024,121988440969854.6,0.7406232492142858
MMMMMddddddddddMMMMM,MOE/5-methylcytosines/deoxy,*******************,AAGGCACAGTCGAGGCTGAT,3021.844302807527,3164.718234847321,0.0,0.7266545263571428
MMMMMddddddddddMMMMM,MOE/5-methylcytosines/deoxy,*******************,ATATCATCCGTCAGTGTCCT,2550.939731264322,1558.8074255902843,0.0,0.7309452954285716
MMMMMddddddddddMMMMM,MOE/5-methylcytosines/deoxy,*******************,TGGGATACACACTCATCAAT,0.0,0.0,0.0,0.7142817724999999
MMMMMddddddddddMMMMM,MOE/5-methylcytosines/deoxy,*******************,GATATTGTAGTGTGAACGTG,0.0,0.0,0.0,0.7566214417857144
MMMMMddddddddddMMMMM,MOE/5-methylcytosines/deoxy,*******************,GGCTTCTCTTAAGACTTCCT,0.0,0.0,0.0,0.7363590350714286
MMMMMddddddddddMMMMM,MOE/5-methylcytosines/deoxy,*******************,TCTTGCTCCCTGGAATTCTT,16761.924653797214,15996.008854523185,562299034.5413343,0.6975353560714286
MMMMMddddddddddMMMMM,MOE/5-methylcytosines/deoxy,*******************,GTCTCCCTATAGTGAGTCGT,5588.914890399108,4646.532807954562,0.0,0.7219308360714286
MMMMMddddddddddMMMMM,MOE/5-methylcytosines/deoxy,*******************,GGATATCCAGGCCATCATTC,11810.334465590924,10636.31713941552,399288513.56654423,0.7400873462857142
MMMMMddddddddddMMMMM,MOE/5-methylcytosines/deoxy,*******************,CAATCTGGGATACACACTCA,381.3920287345935,383.40097958285435,0.0,0.7292335072142857
MMMMMddddddddddMMMMM,MOE/5-methylcytosines/deoxy,*******************,CTCATATGGCACCCGAAAAG,12401.392574816564,11702.1420079774,3351329605.2432,0.7457566051428571
MMMMMddddddddddMMMMM,MOE/5-methylcytosines/deoxy,*******************,TTTCTACATTACACGCTTCC,665.3959192379366,781.8809332789788,0.0,0.7437395186428573
MMMMMddddddddddMMMMM,MOE/5-methylcytosines/deoxy,*******************,TCATTCTGATTTCCTCATAT,233.99199736110342,0.0,0.0,0.7559776547142858
MMMMMddddddddddMMMMM,MOE/5-methylcytosines/deoxy,*******************,GCCAGTAAGCAGTGGGTTCT,368.0311040483555,188.91248784422834,0.0,0.7148412863571428
MMMMMddddddddddMMMMM,MOE/5-methylcytosines/deoxy,*******************,TATTGTAGTGTGAACGTGAC,0.0,0.0,0.0,0.7449954495714286
MMMMMddddddddddMMMMM,MOE/5-methylcytosines/deoxy,*******************,ATGAGCTGCATACAAGCTAC,0.0,0.0,0.0,0.7274699757857144
MMMMMddddddddddMMMMM,MOE/5-methylcytosines/deoxy,*******************,TGTAAACATCATATGCTTCA,0.0,0.0,0.0,0.7294420586428572
MMMMMddddddddddMMMMM,MOE/5-methylcytosines/deoxy,*******************,TTTAATTGCTCTTGATCAGG,402.46699787015905,367.7156298537371,0.0,0.7537451532857142
MMMMMddddddddddMMMMM,MOE/5-methylcytosines/deoxy,*******************,GCTTTATTAAGTTCTGAATC,0.0,0.0,0.0,0.7540523487142857
MMMMMddddddddddMMMMM,MOE/5-methylcytosines/deoxy,*******************,TTCTTCTCAGCTGCCTTGAT,7965.037869941826,6548.913005265071,0.0,0.7298541596428573
MMMMMddddddddddMMMMM,MOE/5-methylcytosines/deoxy,*******************,TTTTTCTTTTTCCTCTGCTT,6879.024277221686,5574.346675972675,1349132017.6504462,0.7762745800714287
MMMMMddddddddddMMMMM,MOE/5-methylcytosines/deoxy,*******************,TGGCACCTTCCAGGGTCAAG,10742.033679371032,10782.11773130506,764356953.4261049,0.7205231464285714
MMMMMddddddddddMMMMM,MOE/5-methylcytosines/deoxy,*******************,CCCTGGAATTCTTATGCTGG,13986.827474075573,12486.2516435476,92632984.85769184,0.733241301142857
MMMMMddddddddddMMMMM,MOE/5-methylcytosines/deoxy,*******************,GACCCCATTTTCAGCTCATG,13554.71225690932,12942.382575686675,1568994603.478071,0.7633539449999999
MMMMMddddddddddMMMMM,MOE/5-methylcytosines/deoxy,*******************,TTTCATTTACTTTTATCCAG,0.0,0.0,0.0,0.7491469503571428
MMMMMddddddddddMMMMM,MOE/5-methylcytosines/deoxy,*******************,CAAAATTCAGTATATCAGGG,0.0,0.0,0.0,0.7348414297142857
MMMMMddddddddddMMMMM,MOE/5-methylcytosines/deoxy,*******************,GCCTCTGAGACATTGGACTG,2195.240464514085,1872.6831579458444,0.0,0.7414713900714286
MMMMMddddddddddMMMMM,MOE/5-methylcytosines/deoxy,*******************,CTACCAGGAAATGAAGTAGC,0.0,0.0,0.0,0.7260334926428572
MMMMMddddddddddMMMMM,MOE/5-methylcytosines/deoxy,*******************,ACAAGCTACTTGCAGTTGAA,0.0,0.0,0.0,0.731395605
MMMMMddddddddddMMMMM,MOE/5-methylcytosines/deoxy,*******************,TTTTTCCTCTGCTTCTCTTT,7064.364095477488,5652.594108083263,1349132017.6504462,0.7339253255714285
MMMMMddddddddddMMMMM,MOE/5-methylcytosines/deoxy,*******************,GTATTAATTTCGATAAGCCA,0.0,0.0,0.0,0.7332646371428571
MMMMMddddddddddMMMMM,MOE/5-methylcytosines/deoxy,*******************,CTCCATCATCTCTAAAGGTG,396.95972801938564,188.91455698692783,0.0,0.7358968942857143
MMMMMddddddddddMMMMM,MOE/5-methylcytosines/deoxy,*******************,GTTTTCGTGTAACTTCGAAA,0.0,0.0,0.0,0.765592514
MMMMMddddddddddMMMMM,MOE/5-methylcytosines/deoxy,*******************,ACTGATAACAAATCTGGACA,0.0,0.0,0.0,0.7103582255
MMMMMddddddddddMMMMM,MOE/5-methylcytosines/deoxy,*******************,AATCTTCTTCTTTATGCTCA,0.0,0.0,0.0,0.7552306310714286
MMMMMddddddddddMMMMM,MOE/5-methylcytosines/deoxy,*******************,GGTTAAATCCGAAGGTTTGA,0.0,0.0,0.0,0.7158585158571429
MMMMMddddddddddMMMMM,MOE/5-methylcytosines/deoxy,*******************,TCTATGCAATACAATCTGGG,0.0,0.0,0.0,0.731397837857143
MMMMMddddddddddMMMMM,MOE/5-methylcytosines/deoxy,*******************,GATGAGCTGCATACAAGCTA,0.0,0.0,0.0,0.7352256239999998
MMMMMddddddddddMMMMM,MOE/5-methylcytosines/deoxy,*******************,GAAACAGTTTTCAGTCATTT,0.0,0.0,0.0,0.7643546714285715
MMMMMddddddddddMMMMM,MOE/5-methylcytosines/deoxy,*******************,ACTGTGCTCCACACCATGTT,7575.838561361204,6497.324375462094,2801012380.51002,0.733602616
MMMMMddddddddddMMMMM,MOE/5-methylcytosines/deoxy,*******************,AACTCTTCTAGTTTTGCTTG,0.0,0.0,0.0,0.7741947322857143
MMMMMddddddddddMMMMM,MOE/5-methylcytosines/deoxy,*******************,CGTATGAGTGTCTAGATTAT,0.0,0.0,0.0,0.7466592824285714
MMMMMddddddddddMMMMM,MOE/5-methylcytosines/deoxy,*******************,AGAGAAGTTTAACCACATCT,0.0,0.0,0.0,0.7392870811428571
MMMMMddddddddddMMMMM,MOE/5-methylcytosines/deoxy,*******************,ACTTTCAGAACAGGCCTCTG,6686.621747806283,5852.003587522762,0.0,0.7204300367142858
MMMMMddddddddddMMMMM,MOE/5-methylcytosines/deoxy,*******************,CTCCCCAGGCTCCTCGGGGC,22667.318608772126,21377.32407802232,1680052349527884.0,0.7324114547142856
MMMMMddddddddddMMMMM,MOE/5-methylcytosines/deoxy,*******************,AGCTCTGCTTGAAGCTCATT,370.78538288569064,368.92423396058496,0.0,0.7716028915714285
MMMMMddddddddddMMMMM,MOE/5-methylcytosines/deoxy,*******************,ACTGAGACTCTGCCGAACAT,5594.200566199952,4781.105281009352,0.0,0.7207582139285714
MMMMMddddddddddMMMMM,MOE/5-methylcytosines/deoxy,*******************,AGATGGCTGGCAACTAGAAG,4418.752752782351,2984.5190741658103,0.0,0.7428443305714285
MMMMMddddddddddMMMMM,MOE/5-methylcytosines/deoxy,*******************,CCCCATTTTCAGCTCATGAA,1922.736213586121,1518.3203620604413,0.0,0.7694803288571429
MMMMMddddddddddMMMMM,MOE/5-methylcytosines/deoxy,*******************,CAACGCATAAATTCATTTCT,0.0,0.0,0.0,0.7255231712142857
MMMMMddddddddddMMMMM,MOE/5-methylcytosines/deoxy,*******************,GGGTTAAATCTAAATCTAGT,0.0,0.0,0.0,0.7079240200714286
MMMMMddddddddddMMMMM,MOE/5-methylcytosines/deoxy,*******************,GTCTTTCTCGCTCTGCTAAT,8217.365084012103,7560.39854414736,599159837.4923517,0.7376607622857143
MMMMMddddddddddMMMMM,MOE/5-methylcytosines/deoxy,*******************,TTGGACTGAGACTCTGCCGA,5638.3560001305395,4802.012979722131,0.0,0.7436839135714285
MMMMMddddddddddMMMMM,MOE/5-methylcytosines/deoxy,*******************,ACTAGAAGGCACAGTCGAGG,0.0,187.73359132548714,0.0,0.7105408463571429
MMMMMddddddddddMMMMM,MOE/5-methylcytosines/deoxy,*******************,AAGCCATACTGCGTATTCAT,549.4533750435971,554.8045918933237,0.0,0.7355146628571428
MMMMMddddddddddMMMMM,MOE/5-methylcytosines/deoxy,*******************,TCTTCTGTCGCGGAAGGCAG,3654.38085990169,3170.9466251061704,490692883.7639787,0.7667260825000001
MMMMMddddddddddMMMMM,MOE/5-methylcytosines/deoxy,*******************,TGATCAGCGAGCTCTAGCAT,558.1428241579363,369.1059798661547,0.0,0.7314419221428572
MMMMMddddddddddMMMMM,MOE/5-methylcytosines/deoxy,*******************,TCACAGGATTGCTGGTCAAA,740.9224813997804,503.77767974432436,0.0,0.7532204672857142
MMMMMddddddddddMMMMM,MOE/5-methylcytosines/deoxy,*******************,ACAACCACAAACTGCTCAGG,172.59331036141396,177.19085184968125,0.0,0.6902335640714286
MMMMMddddddddddMMMMM,MOE/5-methylcytosines/deoxy,*******************,ACCAGGGCATTGATGAGCTG,3875.0613939378936,2938.5674982414985,0.0,0.7214428432857142
MMMMMddddddddddMMMMM,MOE/5-methylcytosines/deoxy,*******************,TTCTTGCTCCCTGGAATTCT,16782.880840579954,16019.17750462412,562299034.5413343,0.7189983241428572
MMMMMddddddddddMMMMM,MOE/5-methylcytosines/deoxy,*******************,GCATACCGCAGAGAGAAGTT,500.30471641690224,319.52572068606617,0.0,0.7227430921428573
MMMMMddddddddddMMMMM,MOE/5-methylcytosines/deoxy,*******************,TTTTTTGATACTGAAGTCCT,0.0,0.0,0.0,0.7621539212142858
MMMMMddddddddddMMMMM,MOE/5-methylcytosines/deoxy,*******************,TGAAGTCTGGATCCATTCCA,1648.0337303027218,807.8735873243934,0.0,0.7544422580000001
MMMMMddddddddddMMMMM,MOE/5-methylcytosines/deoxy,*******************,TCCAGGCCATCATTCTTAAT,11571.411134191683,10393.087277872737,399288513.56654423,0.7455015527142856
MMMMMddddddddddMMMMM,MOE/5-methylcytosines/deoxy,*******************,GTTTCCAATTCCTTCTCAAG,779.9809180052252,561.1930356556702,0.0,0.7392856372857144
MMMMMddddddddddMMMMM,MOE/5-methylcytosines/deoxy,*******************,AAACTGCTCAGGTTCACATA,720.9816060829178,377.8032651559424,0.0,0.7189718874999999
MMMMMddddddddddMMMMM,MOE/5-methylcytosines/deoxy,*******************,TTCAGCTCTAATATCTTCAA,0.0,0.0,0.0,0.7279162383571427
MMMMMddddddddddMMMMM,MOE/5-methylcytosines/deoxy,*******************,TGCATCACCATTTCTTTTTT,0.0,0.0,0.0,0.7258640901428571
MMMMMddddddddddMMMMM,MOE/5-methylcytosines/deoxy,*******************,CCGCATTCCTGGAAGTGGAG,5185.837855044653,4119.866999491151,0.0,0.7278370795000001
MMMMMddddddddddMMMMM,MOE/5-methylcytosines/deoxy,*******************,CCAGTAAGCAGTGGGTTCTC,368.0311040483555,188.91248784422834,0.0,0.7264224497857145
MMMMMddddddddddMMMMM,MOE/5-methylcytosines/deoxy,*******************,TGGACTGAGACTCTGCCGAA,5638.3560001305395,4805.89945696392,0.0,0.7414713900714286
MMMMMddddddddddMMMMM,MOE/5-methylcytosines/deoxy,*******************,TAATCGATTTCTTCTCTTCA,187.30373190655382,0.0,0.0,0.7658131062857142
MMMMMddddddddddMMMMM,MOE/5-methylcytosines/deoxy,*******************,GCATTTAGGTGACCTTATAA,371.57745595825713,173.86960791892412,0.0,0.7589713561428573
MMMMMddddddddddMMMMM,MOE/5-methylcytosines/deoxy,*******************,CCTCCAGCAGATTATCCATC,6055.12339324967,4591.57414930892,0.0,0.7341063926428573
MMMMMddddddddddMMMMM,MOE/5-methylcytosines/deoxy,*******************,TCATCATATTGGGGTGTCTG,1828.126654423787,1531.4529791133136,0.0,0.7271565717142856
MMMMMddddddddddMMMMM,MOE/5-methylcytosines/deoxy,*******************,GTCTCTCATCTGCAGACCCC,14177.015294786052,13383.202050649583,1150426014.7938962,0.7227716194999999
MMMMMddddddddddMMMMM,MOE/5-methylcytosines/deoxy,*******************,ATGCAATACAATCTGGGATA,0.0,0.0,0.0,0.7169650691428571
MMMMMddddddddddMMMMM,MOE/5-methylcytosines/deoxy,*******************,GCACTGATAACAAATCTGGA,0.0,0.0,0.0,0.7110565165
MMMMMddddddddddMMMMM,MOE/5-methylcytosines/deoxy,*******************,AGTTCCACCTTCTTTAGAGG,7595.755046306294,6138.091954147057,764356953.4261049,0.7223502294999999
MMMMMddddddddddMMMMM,MOE/5-methylcytosines/deoxy,*******************,CAATGGTGCCTTTTTATCTT,3592.993009208618,2450.7682870659582,0.0,0.7345427822857145
MMMMMddddddddddMMMMM,MOE/5-methylcytosines/deoxy,*******************,CCTATAGTGAGTCGTATTAA,0.0,0.0,0.0,0.7476320904285715
MMMMMddddddddddMMMMM,MOE/5-methylcytosines/deoxy,*******************,GTTGATTTTTCTTTACAACT,0.0,0.0,0.0,0.7586200752142858
MMMMMddddddddddMMMMM,MOE/5-methylcytosines/deoxy,*******************,TCCAGGGTCAAGGAAGGCAC,3110.475832318355,2407.584677415558,0.0,0.7493835785714287
MMMMMddddddddddMMMMM,MOE/5-methylcytosines/deoxy,*******************,CATATCATCCGTCAGTGTCC,2537.1885044803844,1545.20492061077,0.0,0.7293169141428572
MMMMMddddddddddMMMMM,MOE/5-methylcytosines/deoxy,*******************,CTGCGCGGCATCTTGCTTTC,8119.706638035056,7462.076377277945,19332505844.917522,0.7228065645714287
MMMMMddddddddddMMMMM,MOE/5-methylcytosines/deoxy,*******************,TTTTCCATGTTTTCGTGTAA,0.0,183.77146408305146,0.0,0.7937826934285714
MMMMMddddddddddMMMMM,MOE/5-methylcytosines/deoxy,*******************,TTCGGGAACTGATTCATTTT,325.69695960977094,320.3446992980583,0.0,0.7371311880714286
MMMMMddddddddddMMMMM,MOE/5-methylcytosines/deoxy,*******************,GGCAGTACTGACAGCCATGA,1580.612673416864,1255.648608517686,0.0,0.7465377271428572
MMMMMddddddddddMMMMM,MOE/5-methylcytosines/deoxy,*******************,AATATCTTCAAGGCGATGGG,191.33197795368687,181.90170104796988,0.0,0.7515605570714285
MMMMMddddddddddMMMMM,MOE/5-methylcytosines/deoxy,*******************,CAGGAAGATGCTTTATTAAG,0.0,0.0,0.0,0.7418453562142856
MMMMMddddddddddMMMMM,MOE/5-methylcytosines/deoxy,*******************,CCCAACTCACAGGATTGCTG,1455.6676198003788,1037.5167283804883,0.0,0.7055444083571428
MMMMMddddddddddMMMMM,MOE/5-methylcytosines/deoxy,*******************,GAGAAGTTTAACCACATCTG,894.4573074847308,1026.2803463901878,0.0,0.7429763395714286
MMMMMddddddddddMMMMM,MOE/5-methylcytosines/deoxy,*******************,TACTCTGGTATAACTTTTCC,0.0,0.0,0.0,0.7384453482142856
MMMMMddddddddddMMMMM,MOE/5-methylcytosines/deoxy,*******************,GTAGCTCTGCTTGAAGCTCA,370.78538288569064,368.92423396058496,0.0,0.728014659857143
MMMMMddddddddddMMMMM,MOE/5-methylcytosines/deoxy,*******************,GCAGGCAGTACTGACAGCCA,1575.84856212095,1250.917707111602,0.0,0.7235766009285715
MMMMMddddddddddMMMMM,MOE/5-methylcytosines/deoxy,*******************,TAGGTGACCTTATAAAGCTC,198.4481089167411,0.0,0.0,0.7405688487857144
MMMMMddddddddddMMMMM,MOE/5-methylcytosines/deoxy,*******************,GGCAAATTTGTCCAGCATAT,342.7571476233711,332.15861916507595,0.0,0.7727698734999999
MMMMMddddddddddMMMMM,MOE/5-methylcytosines/deoxy,*******************,GCATGAATGTGGTTCTGAAG,728.0026347966943,546.82436575271,0.0,0.7355396995
MMMMMddddddddddMMMMM,MOE/5-methylcytosines/deoxy,*******************,AATGGTGCCTTTTTATCTTC,3022.8233373913326,1904.6295735570059,0.0,0.7477862455000001
MMMMMddddddddddMMMMM,MOE/5-methylcytosines/deoxy,*******************,TCGAGTCTTTCTCGCTCTGC,8183.7982807256485,7539.330987935959,599159837.4923517,0.7546579317857143
MMMMMddddddddddMMMMM,MOE/5-methylcytosines/deoxy,*******************,AATCACTGCTTGCAAATGCA,0.0,0.0,0.0,0.7373390142857144
MMMMMddddddddddMMMMM,MOE/5-methylcytosines/deoxy,*******************,GTCAGTAAGAAAGTCTTCCA,0.0,0.0,0.0,0.7313907778571428
MMMMMddddddddddMMMMM,MOE/5-methylcytosines/deoxy,*******************,ATCAGGAAGATGCTTTATTA,0.0,0.0,0.0,0.7492917610714285
MMMMMddddddddddMMMMM,MOE/5-methylcytosines/deoxy,*******************,AGCTCATGAATGAATTCCTG,0.0,0.0,0.0,0.7361205503571429
MMMMMddddddddddMMMMM,MOE/5-methylcytosines/deoxy,*******************,ACAGAGACTTTACTAGCTTT,0.0,0.0,0.0,0.7621243952142857
MMMMMddddddddddMMMMM,MOE/5-methylcytosines/deoxy,*******************,TAAAGGTTCCAAATCATCCA,0.0,0.0,0.0,0.7185004374285715
MMMMMddddddddddMMMMM,MOE/5-methylcytosines/deoxy,*******************,AAGCTTGTAGCTCTGCTTGA,936.8192597656436,559.8690978418366,0.0,0.7533836042142859
MMMMMddddddddddMMMMM,MOE/5-methylcytosines/deoxy,*******************,AGGATTGCTGGTCAAAGACA,549.8210897746483,503.77767974432436,0.0,0.7716382214285714
MMMMMddddddddddMMMMM,MOE/5-methylcytosines/deoxy,*******************,CTTGTCATGCAAGTCCTCAG,208.0949819483524,206.6443837159763,0.0,0.7398849201428571
MMMMMddddddddddMMMMM,MOE/5-methylcytosines/deoxy,*******************,CTTCAATATCTTCCTCTTCT,2753.3918321409983,2284.4347722209195,0.0,0.7307136936428572
MMMMMddddddddddMMMMM,MOE/5-methylcytosines/deoxy,*******************,GTATAACTTTTCCATGTTTT,396.3542406412323,520.6030318907789,0.0,0.7662235331428571
MMMMMddddddddddMMMMM,MOE/5-methylcytosines/deoxy,*******************,GAAGTTTAACCACATCTGTC,894.4573074847308,1026.2803463901878,0.0,0.7328581520714286
MMMMMddddddddddMMMMM,MOE/5-methylcytosines/deoxy,*******************,CACTGTATGACTTTATGTTG,191.538276976151,193.46909211244966,0.0,0.7573332455714284
MMMMMddddddddddMMMMM,MOE/5-methylcytosines/deoxy,*******************,ATGGCATAGTATCCTATTAT,0.0,0.0,0.0,0.7519035291428571
MMMMMddddddddddMMMMM,MOE/5-methylcytosines/deoxy,*******************,GGGGTGTCTGGGATCCACGG,8257.841071897972,7781.4697640551685,983297673532.6643,0.7362030506428573
MMMMMddddddddddMMMMM,MOE/5-methylcytosines/deoxy,*******************,CTATTCTGACACGTTTTTCT,0.0,0.0,0.0,0.7429929256428573
MMMMMddddddddddMMMMM,MOE/5-methylcytosines/deoxy,*******************,GTTCCATGTTAACAGCTTGG,0.0,0.0,0.0,0.777745267
MMMMMddddddddddMMMMM,MOE/5-methylcytosines/deoxy,*******************,ACAAATCTTCTTCTTTATGC,0.0,0.0,0.0,0.7552306310714286
MMMMMddddddddddMMMMM,MOE/5-methylcytosines/deoxy,*******************,CCGCAGAGAGAAGTTTAACC,167.426299920253,0.0,0.0,0.7157841727142857
MMMMMddddddddddMMMMM,MOE/5-methylcytosines/deoxy,*******************,AGGATTGGTAGAGGAGGAGA,372.8160685965833,374.05094059175514,0.0,0.750925269
MMMMMddddddddddMMMMM,MOE/5-methylcytosines/deoxy,*******************,CACTGATAACAAATCTGGAC,0.0,0.0,0.0,0.706654147857143
MMMMMddddddddddMMMMM,MOE/5-methylcytosines/deoxy,*******************,CCTCACTCATAATTCTTTCC,0.0,0.0,0.0,0.7244182997142856
MMMMMddddddddddMMMMM,MOE/5-methylcytosines/deoxy,*******************,TCAGCTGGCAAGGCACCAAA,3005.226392541382,2422.3243883253353,0.0,0.7359661145000002
MMMMMddddddddddMMMMM,MOE/5-methylcytosines/deoxy,*******************,CACTCCTGTCTCATCACCCT,8006.857295376982,7328.660733104444,1349132017.6504462,0.7459077987857144
MMMMMddddddddddMMMMM,MOE/5-methylcytosines/deoxy,*******************,GAAGATGCTTTATTAAGTTC,0.0,0.0,0.0,0.7618329966428572
MMMMMddddddddddMMMMM,MOE/5-methylcytosines/deoxy,*******************,TGAATGAATTCCTGAGGTGA,5330.102107758956,3953.5152183765695,509378187.0378747,0.7316950298571427
MMMMMddddddddddMMMMM,MOE/5-methylcytosines/deoxy,*******************,TTTTGGCATCGGTGTCCTTT,2216.5405120722407,2399.5216708495723,0.0,0.7235409780714284
MMMMMddddddddddMMMMM,MOE/5-methylcytosines/deoxy,*******************,GAGAGCTAAGGTTAAATCCG,0.0,0.0,0.0,0.7370452895
MMMMMddddddddddMMMMM,MOE/5-methylcytosines/deoxy,*******************,ACTTCCAATATCATCATTCT,0.0,0.0,0.0,0.7317768419999998
MMMMMddddddddddMMMMM,MOE/5-methylcytosines/deoxy,*******************,GAGGAAGTGCTGAGTGGCCA,2138.443845934224,1703.31582822865,0.0,0.7314761122142858
MMMMMddddddddddMMMMM,MOE/5-methylcytosines/deoxy,*******************,CTTCAACTTCGGGAACTGAT,2122.341401942335,2088.523753665847,0.0,0.7188913960714286
MMMMMddddddddddMMMMM,MOE/5-methylcytosines/deoxy,*******************,TATCATCCGTCAGTGTCCTA,2550.939731264322,1558.8074255902843,0.0,0.7374638098571429
MMMMMddddddddddMMMMM,MOE/5-methylcytosines/deoxy,*******************,CCATCTCTATGCAATACAAT,193.8307033749908,187.48544213435488,0.0,0.7383870174285715
MMMMMddddddddddMMMMM,MOE/5-methylcytosines/deoxy,*******************,TATCTTCAAGGCGATGGGAT,191.33197795368687,181.90170104796988,0.0,0.731999356
MMMMMddddddddddMMMMM,MOE/5-methylcytosines/deoxy,*******************,CACTCATAATTCTTTCCAAG,0.0,0.0,0.0,0.7278356383571429
MMMMMddddddddddMMMMM,MOE/5-methylcytosines/deoxy,*******************,CTGTATGACTTTATGTTGAT,0.0,0.0,0.0,0.7536595965714287
MMMMMddddddddddMMMMM,MOE/5-methylcytosines/deoxy,*******************,ACATAAGTTGCTATATTCAC,0.0,0.0,0.0,0.7478063572142857
MMMMMddddddddddMMMMM,MOE/5-methylcytosines/deoxy,*******************,GAGTGGCACCTTCCAGGGTC,11371.287246861608,11419.804906320458,764356953.4261049,0.7115085869999999
MMMMMddddddddddMMMMM,MOE/5-methylcytosines/deoxy,*******************,ATTGCTGGTCAAAGACACTC,196.02268082761842,161.35129914371737,0.0,0.7528753094285714
MMMMMddddddddddMMMMM,MOE/5-methylcytosines/deoxy,*******************,TCACTCATAATTCTTTCCAA,0.0,0.0,0.0,0.7264462007142856
MMMMMddddddddddMMMMM,MOE/5-methylcytosines/deoxy,*******************,GAATGAATTCCTGAGGTGAG,5330.102107758956,3953.5152183765695,509378187.0378747,0.7255360514285715
MMMMMddddddddddMMMMM,MOE/5-methylcytosines/deoxy,*******************,GTACTTCTCTTCACATATTT,206.27343817894172,203.66039358360902,0.0,0.7412421808571429
MMMMMddddddddddMMMMM,MOE/5-methylcytosines/deoxy,*******************,GAATATTACAATCAGCTGGC,1184.2432553318708,954.3409681072998,0.0,0.7344591973571429
MMMMMddddddddddMMMMM,MOE/5-methylcytosines/deoxy,*******************,GCTTTCCCGGCAGCCGCGGA,21953.0738781323,20969.10982485197,526090000852161.56,0.7299740915714287
MMMMMddddddddddMMMMM,MOE/5-methylcytosines/deoxy,*******************,AGTATATCAGGGTACTTCTC,0.0,0.0,0.0,0.7329149007857144
MMMMMddddddddddMMMMM,MOE/5-methylcytosines/deoxy,*******************,GCCTTTTTATCTTCATTTAA,0.0,0.0,0.0,0.7477190773571428
MMMMMddddddddddMMMMM,MOE/5-methylcytosines/deoxy,*******************,ATGCTTTATTAAGTTCTGAA,0.0,0.0,0.0,0.7354799710000001
MMMMMddddddddddMMMMM,MOE/5-methylcytosines/deoxy,*******************,CTCACTCATAATTCTTTCCA,0.0,0.0,0.0,0.72794444
MMMMMddddddddddMMMMM,MOE/5-methylcytosines/deoxy,*******************,TTCTTCTTTATGCTCATCAA,0.0,0.0,0.0,0.7600087777142858
MMMMMddddddddddMMMMM,MOE/5-methylcytosines/deoxy,*******************,GATGCTTTCTTCCCCTACAA,17237.124804856205,16263.959872472964,1954271746.4309878,0.7579973612857144
MMMMMddddddddddMMMMM,MOE/5-methylcytosines/deoxy,*******************,GGAAGTGCTGAGTGGCCAGT,3344.4137902612397,3352.045034798047,0.0,0.7373130370714287
MMMMMddddddddddMMMMM,MOE/5-methylcytosines/deoxy,*******************,TTCTCTTCAATATCTTCCTC,0.0,0.0,0.0,0.7350084183571429
MMMMMddddddddddMMMMM,MOE/5-methylcytosines/deoxy,*******************,CAACTAGAAGGCACAGTCGA,0.0,0.0,0.0,0.7416073900000001
MMMMMddddddddddMMMMM,MOE/5-methylcytosines/deoxy,*******************,AGGCCTCTGAGACATTGGAC,5548.13367594824,4529.270185141305,0.0,0.744904971857143
MMMMMddddddddddMMMMM,MOE/5-methylcytosines/deoxy,*******************,TTCTTGTAAAGTTCTGATGC,0.0,0.0,0.0,0.7432324815714286
MMMMMddddddddddMMMMM,MOE/5-methylcytosines/deoxy,*******************,TGATGAGCTGCATACAAGCT,383.744606055483,368.19725043377093,0.0,0.7340515054285716
MMMMMddddddddddMMMMM,MOE/5-methylcytosines/deoxy,*******************,AATCTTGCCAGCAGGGCTTC,6883.631544854688,5647.982682376169,0.0,0.7482135152857143
MMMMMddddddddddMMMMM,MOE/5-methylcytosines/deoxy,*******************,GCATTCCTGGAAGTGGAGGA,2159.040994826476,2057.889497910386,0.0,0.7569365327857144
MMMMMddddddddddMMMMM,MOE/5-methylcytosines/deoxy,*******************,TCTTTCTCGCTCTGCTAATT,8202.460988562982,7546.0250217471,599159837.4923517,0.7356502442142858
MMMMMddddddddddMMMMM,MOE/5-methylcytosines/deoxy,*******************,TGGATCCATTCCATCTCTAT,927.645618770135,340.6871851995996,0.0,0.7480458265714286
MMMMMddddddddddMMMMM,MOE/5-methylcytosines/deoxy,*******************,CATGGTTACAAACTTTCAGA,0.0,0.0,0.0,0.7292733316428572
MMMMMddddddddddMMMMM,MOE/5-methylcytosines/deoxy,*******************,GAGAGACTCCAGGCATGTGA,8502.207057973217,7672.107022729592,0.0,0.7149984593571429
MMMMMddddddddddMMMMM,MOE/5-methylcytosines/deoxy,*******************,GGCATAGTATCCTATTATAC,0.0,0.0,0.0,0.7554189222142857
MMMMMddddddddddMMMMM,MOE/5-methylcytosines/deoxy,*******************,TGAAGTAGCGTTGTTTTCTG,0.0,0.0,0.0,0.7297619377857142
MMMMMddddddddddMMMMM,MOE/5-methylcytosines/deoxy,*******************,GGGCCCTTCCTGCGCGGCAT,20597.99939063766,19833.90761400114,455256453738719.2,0.7229551868571428
MMMMMddddddddddMMMMM,MOE/5-methylcytosines/deoxy,*******************,CGGCTTCTCTTAAGACTTCC,0.0,162.88243186120917,4558501282.171783,0.7285442492142858
MMMMMddddddddddMMMMM,MOE/5-methylcytosines/deoxy,*******************,AAACTCTTCTAGTTTTGCTT,0.0,0.0,0.0,0.7457611122857143
MMMMMddddddddddMMMMM,MOE/5-methylcytosines/deoxy,*******************,TTGGGGTGTCTGGGATCCAC,5357.997175497202,4781.3617687034475,0.0,0.7620674901428572
MMMMMddddddddddMMMMM,MOE/5-methylcytosines/deoxy,*******************,CCTACAATGCATACCGCAGA,191.4573205268356,154.66368117874126,0.0,0.7282842940714286
MMMMMddddddddddMMMMM,MOE/5-methylcytosines/deoxy,*******************,AGCATTTAGGTGACCTTATA,371.57745595825713,173.86960791892412,0.0,0.7446043167857143
MMMMMddddddddddMMMMM,MOE/5-methylcytosines/deoxy,*******************,TCACATAAGTTGCTATATTC,0.0,0.0,0.0,0.7496308551428571
MMMMMddddddddddMMMMM,MOE/5-methylcytosines/deoxy,*******************,TATGCTTCATCAAGTTCAGC,0.0,0.0,0.0,0.7274718469285714
MMMMMddddddddddMMMMM,MOE/5-methylcytosines/deoxy,*******************,CAGGTTTGATGTTGTTCACC,0.0,0.0,0.0,0.775779775
MMMMMddddddddddMMMMM,MOE/5-methylcytosines/deoxy,*******************,GTTGAACTGAATTGTGCCGG,8794.65347206831,7826.345995396092,808681542.892705,0.7236377710714287
MMMMMddddddddddMMMMM,MOE/5-methylcytosines/deoxy,*******************,ACACTGTATGACTTTATGTT,191.538276976151,193.46909211244966,0.0,0.7580563275000001
MMMMMddddddddddMMMMM,MOE/5-methylcytosines/deoxy,*******************,GAGGTGAGATCTGTCGGCTT,2082.216858100329,1452.632916923953,0.0,0.7349351931428572
MMMMMddddddddddMMMMM,MOE/5-methylcytosines/deoxy,*******************,TTACAATCAGCTGGCAAGGC,2284.0218189976886,2052.6336300658622,0.0,0.7211231217142858
MMMMMddddddddddMMMMM,MOE/5-methylcytosines/deoxy,*******************,CCCATTTTCAGCTCATGAAT,0.0,0.0,0.0,0.7590517647142858
MMMMMddddddddddMMMMM,MOE/5-methylcytosines/deoxy,*******************,ACCCAACTCACAGGATTGCT,2184.6268389662537,1692.4295838902024,0.0,0.7092918455
MMMMMddddddddddMMMMM,MOE/5-methylcytosines/deoxy,*******************,CCGTCAGTGTCCTAATATTT,957.0307962326916,735.6213768068551,0.0,0.7436649401428571
MMMMMddddddddddMMMMM,MOE/5-methylcytosines/deoxy,*******************,TCTGGGATCCACGGCTTTGG,9408.668608112755,8873.806975248519,983637130295.9828,0.7221933570000001
MMMMMddddddddddMMMMM,MOE/5-methylcytosines/deoxy,*******************,AATGGCATAGTATCCTATTA,0.0,0.0,0.0,0.7569304894285713
MMMMMddddddddddMMMMM,MOE/5-methylcytosines/deoxy,*******************,TCTTCTCAGCTGCCTTGATC,8031.198932343723,6574.431011200179,0.0,0.7248271993571428
MMMMMddddddddddMMMMM,MOE/5-methylcytosines/deoxy,*******************,TAGACACTGTATGACTTTAT,191.538276976151,193.46909211244966,0.0,0.752848202
MMMMMddddddddddMMMMM,MOE/5-methylcytosines/deoxy,*******************,TGAGCTGCATACAAGCTACT,0.0,0.0,0.0,0.7377299717857143
MMMMMddddddddddMMMMM,MOE/5-methylcytosines/deoxy,*******************,AATTGTGCCGGAGGCCTTCC,15923.249276306782,14153.325100669006,6336272919552.066,0.7354132612142859
MMMMMddddddddddMMMMM,MOE/5-methylcytosines/deoxy,*******************,GTTCTCCATCATCTCTAAAG,396.95972801938564,188.91455698692783,0.0,0.7525856986428572
MMMMMddddddddddMMMMM,MOE/5-methylcytosines/deoxy,*******************,GGCACCCGAAAAGAGCTCAG,12217.384840878845,11541.788352613157,3351329605.2432,0.7112678747142857
MMMMMddddddddddMMMMM,MOE/5-methylcytosines/deoxy,*******************,CTTCTCTTCACATATTTCTA,0.0,0.0,0.0,0.7362835586428572
MMMMMddddddddddMMMMM,MOE/5-methylcytosines/deoxy,*******************,TAATCTTGCCAGCAGGGCTT,6798.2957787072955,5575.849335766815,0.0,0.7604912305000001
MMMMMddddddddddMMMMM,MOE/5-methylcytosines/deoxy,*******************,TCTTGCCAGCAGGGCTTCAA,6892.183260735648,5647.982682376169,0.0,0.7167772375714286
MMMMMddddddddddMMMMM,MOE/5-methylcytosines/deoxy,*******************,AATATCTCTTTCAATCCACA,0.0,0.0,0.0,0.7422609007857142
MMMMMddddddddddMMMMM,MOE/5-methylcytosines/deoxy,*******************,AATAGCACTGAGCCGTGGCC,11616.554240365414,10075.64180168681,2978257085.651951,0.7200678127142857
MMMMMddddddddddMMMMM,MOE/5-methylcytosines/deoxy,*******************,TAATATCTTCAAGGCGATGG,0.0,0.0,0.0,0.7483466005714287
MMMMMddddddddddMMMMM,MOE/5-methylcytosines/deoxy,*******************,GCTGGCAAGGCACCAAACTG,2021.0853838769383,1389.7709042380372,0.0,0.7391541991428571
MMMMMddddddddddMMMMM,MOE/5-methylcytosines/deoxy,*******************,AATCGATTTCTTCTCTTCAA,187.30373190655382,0.0,0.0,0.7584239084285714
MMMMMddddddddddMMMMM,MOE/5-methylcytosines/deoxy,*******************,TATTAATTTCGATAAGCCAG,0.0,0.0,0.0,0.7515698235
MMMMMddddddddddMMMMM,MOE/5-methylcytosines/deoxy,*******************,ATATCCCTCTGCTCTAGTTT,10153.677286749145,9321.448525573498,0.0,0.7339253255714285
MMMMMddddddddddMMMMM,MOE/5-methylcytosines/deoxy,*******************,TCAATTTTTTTTTCTTCACC,741.9407952826105,700.2438894986209,0.0,0.7722297845714285
MMMMMddddddddddMMMMM,MOE/5-methylcytosines/deoxy,*******************,TGTAGCTCTGCTTGAAGCTC,370.78538288569064,368.92423396058496,0.0,0.7362597458571428
MMMMMddddddddddMMMMM,MOE/5-methylcytosines/deoxy,*******************,CAGTACTGACAGCCATGATG,1580.612673416864,1075.6765056699487,0.0,0.755314102857143
MMMMMddddddddddMMMMM,MOE/5-methylcytosines/deoxy,*******************,TGCTCCACACCATGTTGTAA,5903.682107103009,4520.96655127076,0.0,0.7085268105000001
MMMMMddddddddddMMMMM,MOE/5-methylcytosines/deoxy,*******************,AGAGAATAGCACTGAGCCGT,2796.5612451741404,2241.5262237222687,0.0,0.7171317164285714
MMMMMddddddddddMMMMM,MOE/5-methylcytosines/deoxy,*******************,GCATCACCATTTCTTTTTTG,0.0,0.0,0.0,0.7661892048571428
MMMMMddddddddddMMMMM,MOE/5-methylcytosines/deoxy,*******************,CAGTGGCTTTGGAAAGTTCT,1590.6952191386263,671.2732526161278,0.0,0.7488160754999998
MMMMMddddddddddMMMMM,MOE/5-methylcytosines/deoxy,*******************,GGTTACAAACTTTCAGAACA,0.0,0.0,0.0,0.7092208012142857
MMMMMddddddddddMMMMM,MOE/5-methylcytosines/deoxy,*******************,TCGATAAGCCAGTAAGCAGT,0.0,0.0,0.0,0.7191866569285714
MMMMMddddddddddMMMMM,MOE/5-methylcytosines/deoxy,*******************,CTTGTTGAGTTGCAATTGAT,0.0,0.0,0.0,0.7357266517857143
MMMMMddddddddddMMMMM,MOE/5-methylcytosines/deoxy,*******************,TTTCTGTTGCTTTCTACATT,368.69117752228203,188.3517446381804,0.0,0.7701623327857142
MMMMMddddddddddMMMMM,MOE/5-methylcytosines/deoxy,*******************,CTCTGCTTGAAGCTCATTAA,0.0,0.0,0.0,0.7697786726428569
MMMMMddddddddddMMMMM,MOE/5-methylcytosines/deoxy,*******************,TATCCCTCTGCTCTAGTTTC,10153.677286749145,9321.448525573498,0.0,0.7352775810714286
MMMMMddddddddddMMMMM,MOE/5-methylcytosines/deoxy,*******************,GCTACTTGCAGTTGAACTGA,0.0,0.0,0.0,0.7471229689285714
MMMMMddddddddddMMMMM,MOE/5-methylcytosines/deoxy,*******************,CTCATGAATGAATTCCTGAG,586.9828577665021,195.94832667514174,0.0,0.7477247867857143
MMMMMddddddddddMMMMM,MOE/5-methylcytosines/deoxy,*******************,CTCCCTATAGTGAGTCGTAT,217.17938617311918,0.0,0.0,0.7314311227142857
MMMMMddddddddddMMMMM,MOE/5-methylcytosines/deoxy,*******************,GATCTGTCGGCTTCTCTTAA,2376.8640752136657,1768.571019646141,4558501282.171783,0.7431585409285714
MMMMMddddddddddMMMMM,MOE/5-methylcytosines/deoxy,*******************,TTCATCAGGGCTTTTAGACA,0.0,0.0,0.0,0.7300412014999998
MMMMMddddddddddMMMMM,MOE/5-methylcytosines/deoxy,*******************,ACAACGCATAAATTCATTTC,0.0,0.0,0.0,0.7262462531428572
MMMMMddddddddddMMMMM,MOE/5-methylcytosines/deoxy,*******************,GGCACCTTCCAGGGTCAAGG,10415.755306942427,10357.944353770199,764356953.4261049,0.7296173814285715
MMMMMddddddddddMMMMM,MOE/5-methylcytosines/deoxy,*******************,GAATGTGGTTCTGAAGTTAT,728.0026347966943,546.82436575271,0.0,0.7554499116428571
MMMMMddddddddddMMMMM,MOE/5-methylcytosines/deoxy,*******************,GTATGAGTGTCTAGATTATA,0.0,0.0,0.0,0.7459362005
MMMMMddddddddddMMMMM,MOE/5-methylcytosines/deoxy,*******************,TTGTCCAGCATATCATCCGT,168.08399693282752,161.5335538525435,0.0,0.7276862753571428
MMMMMddddddddddMMMMM,MOE/5-methylcytosines/deoxy,*******************,AAATTCAGTATATCAGGGTA,0.0,0.0,0.0,0.7429659001428571
MMMMMddddddddddMMMMM,MOE/5-methylcytosines/deoxy,*******************,CTCTAAAGGTGCTGCTGAGC,2656.425004545424,2541.2562033011905,2024465250.0289204,0.7421861847857143
MMMMMddddddddddMMMMM,MOE/5-methylcytosines/deoxy,*******************,TCATGAATGAATTCCTGAGG,5167.655414894445,3658.2939156358616,509378187.0378747,0.7471216261428572
MMMMMddddddddddMMMMM,MOE/5-methylcytosines/deoxy,*******************,CAGATGGCTGGCAACTAGAA,4434.69837901445,3001.047222713116,0.0,0.7410374534285713
MMMMMddddddddddMMMMM,MOE/5-methylcytosines/deoxy,*******************,CAGAAACAGTTTTCAGTCAT,0.0,0.0,0.0,0.7400640394285716
MMMMMddddddddddMMMMM,MOE/5-methylcytosines/deoxy,*******************,CATTTCATGAGGTCTGATCT,414.78163165566116,351.3472251667647,0.0,0.7640113394285714
MMMMMddddddddddMMMMM,MOE/5-methylcytosines/deoxy,*******************,CTTAATCGATTTCTTCTCTT,0.0,0.0,0.0,0.7605851567857141
MMMMMddddddddddMMMMM,MOE/5-methylcytosines/deoxy,*******************,CAATTCAGCCTGAGTTTCTT,6429.943935546739,6088.552112509032,0.0,0.7028576817857142
MMMMMddddddddddMMMMM,MOE/5-methylcytosines/deoxy,*******************,TTCGATAAGCCAGTAAGCAG,0.0,0.0,0.0,0.7213203982142857
MMMMMddddddddddMMMMM,MOE/5-methylcytosines/deoxy,*******************,TTAAGCTCCTTGGCGACTGG,10358.836458371597,9744.946703558044,649821190.978864,0.7476970547857142
MMMMMddddddddddMMMMM,MOE/5-methylcytosines/deoxy,*******************,TCATCTCTAAAGGTGCTGCT,1712.0755339573473,1782.5047713967829,0.0,0.7207528865714286
MMMMMddddddddddMMMMM,MOE/5-methylcytosines/deoxy,*******************,ACAGCCATGATGTCAGGTTT,828.9309035910687,611.53629628147,0.0,0.7799473375
MMMMMddddddddddMMMMM,MOE/5-methylcytosines/deoxy,*******************,TTCCAGGGTCAAGGAAGGCA,3143.664058846402,2431.0803030704005,0.0,0.7447249862142858
MMMMMddddddddddMMMMM,MOE/5-methylcytosines/deoxy,*******************,CATCATATGCTTCATCAAGT,0.0,0.0,0.0,0.7321345700714286
MMMMMddddddddddMMMMM,MOE/5-methylcytosines/deoxy,*******************,GCTCATCACAACCACAAACT,0.0,0.0,0.0,0.7338603260714285
MMMMMddddddddddMMMMM,MOE/5-methylcytosines/deoxy,*******************,AGAGAGAAGTTTAACCACAT,0.0,0.0,0.0,0.7454992160714285
MMMMMddddddddddMMMMM,MOE/5-methylcytosines/deoxy,*******************,ATCCGTCAGTGTCCTAATAT,2550.939731264322,1558.8074255902843,0.0,0.7576508121428571
MMMMMddddddddddMMMMM,MOE/5-methylcytosines/deoxy,*******************,GTTGAAGCTGCCTTCCCATC,14728.730289025243,13298.537957274255,683660783160.2563,0.7429383791428571
MMMMMddddddddddMMMMM,MOE/5-methylcytosines/deoxy,*******************,TGGCCAGTTCCACCTTCTTT,10037.656361695477,7971.889735371514,764356953.4261049,0.7418949379285714
MMMMMddddddddddMMMMM,MOE/5-methylcytosines/deoxy,*******************,CTTTTGGCATCGGTGTCCTT,2216.5405120722407,2388.023950541416,0.0,0.7110006487142858
MMMMMddddddddddMMMMM,MOE/5-methylcytosines/deoxy,*******************,CGGAAGGCAGCCCCGGACTG,20659.133053914953,19601.46277048744,1.9819934116003476e+16,0.7208738395000001
MMMMMddddddddddMMMMM,MOE/5-methylcytosines/deoxy,*******************,ATACAATCTGGGATACACAC,381.3920287345935,383.40097958285435,0.0,0.7341022827142858
MMMMMddddddddddMMMMM,MOE/5-methylcytosines/deoxy,*******************,TTCTTAATCGATTTCTTCTC,0.0,0.0,0.0,0.7445295443571428
MMMMMddddddddddMMMMM,MOE/5-methylcytosines/deoxy,*******************,GGAGATGTAACCAGGGCATT,3865.4565630448783,2930.7535415905086,0.0,0.7666549337142857
MMMMMddddddddddMMMMM,MOE/5-methylcytosines/deoxy,*******************,ACCATTTCTTTTTTGATACT,0.0,0.0,0.0,0.7717313141428571
MMMMMddddddddddMMMMM,MOE/5-methylcytosines/deoxy,*******************,TGCAGTCTTCAGGTTGGGAA,1109.8162781428807,505.93160063952723,0.0,0.7356281395714285
MMMMMddddddddddMMMMM,MOE/5-methylcytosines/deoxy,*******************,AGTACTGACAGCCATGATGT,1580.612673416864,1075.6765056699487,0.0,0.7705803133571429
MMMMMddddddddddMMMMM,MOE/5-methylcytosines/deoxy,*******************,ATCCACGGCTTTGGCCAATA,9480.560508588695,9163.892697526879,1137731148.9988089,0.7455679944285715
MMMMMddddddddddMMMMM,MOE/5-methylcytosines/deoxy,*******************,GTAAACATCATATGCTTCAT,0.0,0.0,0.0,0.7307360985000001
MMMMMddddddddddMMMMM,MOE/5-methylcytosines/deoxy,*******************,GTTCTGAAGTTATTCAGGTC,0.0,0.0,0.0,0.7553726833571428
MMMMMddddddddddMMMMM,MOE/5-methylcytosines/deoxy,*******************,TTCGTGTAACTTCGAAAGTG,0.0,0.0,0.0,0.723434004357143
MMMMMddddddddddMMMMM,MOE/5-methylcytosines/deoxy,*******************,AAGCCAGTAAGCAGTGGGTT,0.0,0.0,0.0,0.7544856329285715
MMMMMddddddddddMMMMM,MOE/5-methylcytosines/deoxy,*******************,CTTGATCAGGAAGATGCTTT,0.0,0.0,0.0,0.743390266357143
MMMMMddddddddddMMMMM,MOE/5-methylcytosines/deoxy,*******************,CTGTCGGCTTCTCTTAAGAC,1989.6538733843786,1749.4348473733746,4558501282.171783,0.757232931
MMMMMddddddddddMMMMM,MOE/5-methylcytosines/deoxy,*******************,CTTGGGTCTCCCTATAGTGA,9301.316744603859,8118.788873997439,5974964020.4873,0.7244225571428572
MMMMMddddddddddMMMMM,MOE/5-methylcytosines/deoxy,*******************,TTCTCAGCTGCCTTGATCCT,8227.658506362774,6590.745769376134,0.0,0.732634841142857
MMMMMddddddddddMMMMM,MOE/5-methylcytosines/deoxy,*******************,TTTCGATAAGCCAGTAAGCA,0.0,0.0,0.0,0.7263557394285715
MMMMMddddddddddMMMMM,MOE/5-methylcytosines/deoxy,*******************,TACTTCCAATATCATCATTC,0.0,0.0,0.0,0.7392138400714285
MMMMMddddddddddMMMMM,MOE/5-methylcytosines/deoxy,*******************,AACTTCGGGAACTGATTCAT,2103.5680944995142,2069.2503627628994,0.0,0.7342924569285714
MMMMMddddddddddMMMMM,MOE/5-methylcytosines/deoxy,*******************,GGACTGCAAGGCCTCCAGCA,14942.445208399926,13731.804146121753,899080486.0807346,0.7398772810714285
MMMMMddddddddddMMMMM,MOE/5-methylcytosines/deoxy,*******************,TATGCAATACAATCTGGGAT,0.0,0.0,0.0,0.7181863639285714
MMMMMddddddddddMMMMM,MOE/5-methylcytosines/deoxy,*******************,CAATTTTTTTTTCTTCACCA,766.5544046125306,724.237465535041,0.0,0.7697774303571429
MMMMMddddddddddMMMMM,MOE/5-methylcytosines/deoxy,*******************,GACACCTTCTTCACATCAAT,2510.4738577474936,2311.4360799175984,0.0,0.7645761597857142
MMMMMddddddddddMMMMM,MOE/5-methylcytosines/deoxy,*******************,GAAGCTGCCTTCCCATCTGC,14866.73630543474,13385.810047528117,683660783160.2563,0.7489523682142858
MMMMMddddddddddMMMMM,MOE/5-methylcytosines/deoxy,*******************,TTTTCCTCTGCTTCTCTTTT,7064.364095477488,5652.594108083263,1349132017.6504462,0.7362597458571428
MMMMMddddddddddMMMMM,MOE/5-methylcytosines/deoxy,*******************,GCTCAGGAAGATTGAAAGGT,0.0,0.0,0.0,0.7376114166428571
MMMMMddddddddddMMMMM,MOE/5-methylcytosines/deoxy,*******************,CCAAGCCATACTGCGTATTC,549.4533750435971,554.8045918933237,0.0,0.7360138290714284
MMMMMddddddddddMMMMM,MOE/5-methylcytosines/deoxy,*******************,GCTTTTAGACACTGTATGAC,0.0,0.0,0.0,0.7541061923571428
MMMMMddddddddddMMMMM,MOE/5-methylcytosines/deoxy,*******************,CTCTGAGACATTGGACTGAG,0.0,0.0,0.0,0.7455929109285714
MMMMMddddddddddMMMMM,MOE/5-methylcytosines/deoxy,*******************,AGACTTCCTGTCTTAGAAGC,2860.580315543314,2010.2419285574335,0.0,0.7567558459999999
MMMMMddddddddddMMMMM,MOE/5-methylcytosines/deoxy,*******************,CTTTCCCGGCAGCCGCGGAG,21727.112363449745,20749.52233755709,590187485282986.2,0.7277615680714283
MMMMMddddddddddMMMMM,MOE/5-methylcytosines/deoxy,*******************,TTCCGGGAGCCAGCATTCAT,14926.511799754408,14145.985867717567,5791574595.239432,0.7343875371428571
MMMMMddddddddddMMMMM,MOE/5-methylcytosines/deoxy,*******************,GCATACAAGCTACTTGCAGT,0.0,0.0,0.0,0.7349884811428572
MMMMMddddddddddMMMMM,MOE/5-methylcytosines/deoxy,*******************,GCAAATGCAGTCTTCAGGTT,172.40598010051363,0.0,0.0,0.7563957139285714
MMMMMddddddddddMMMMM,MOE/5-methylcytosines/deoxy,*******************,CTATGCAATACAATCTGGGA,0.0,0.0,0.0,0.7307946772142857
MMMMMddddddddddMMMMM,MOE/5-methylcytosines/deoxy,*******************,TCTGCTCTAGTTTCTTTAAC,200.35225993795868,0.0,0.0,0.7729736739999999
MMMMMddddddddddMMMMM,MOE/5-methylcytosines/deoxy,*******************,GTCTGGATCCATTCCATCTC,2360.3607102047,1148.5607725239931,0.0,0.7119082778571428
MMMMMddddddddddMMMMM,MOE/5-methylcytosines/deoxy,*******************,GTCATGCAAGTCCTCAGGAG,2826.6435534526004,2768.4321306567917,0.0,0.7710036994285714
MMMMMddddddddddMMMMM,MOE/5-methylcytosines/deoxy,*******************,CGCGGAAGGCAGCCCCGGAC,20860.79145197477,19797.37357626925,7.149862893372328e+18,0.7273508704285715
MMMMMddddddddddMMMMM,MOE/5-methylcytosines/deoxy,*******************,TTGGATATCCAGGCCATCAT,11810.068163047876,10636.05869679594,399288513.56654423,0.7238930394285715
MMMMMddddddddddMMMMM,MOE/5-methylcytosines/deoxy,*******************,ATATTCACTCTTGAACTGAG,0.0,0.0,0.0,0.7248878586428571
MMMMMddddddddddMMMMM,MOE/5-methylcytosines/deoxy,*******************,TGGCATAGTATCCTATTATA,0.0,0.0,0.0,0.7626904229285714
MMMMMddddddddddMMMMM,MOE/5-methylcytosines/deoxy,*******************,CTTCTGTCAACTGCACTTTC,339.9359970643833,0.0,0.0,0.7187089123571428
MMMMMddddddddddMMMMM,MOE/5-methylcytosines/deoxy,*******************,ATTCATCAGGGCTTTTAGAC,0.0,0.0,0.0,0.7296416817857143
MMMMMddddddddddMMMMM,MOE/5-methylcytosines/deoxy,*******************,GGGCAAACAACAGATGGCTG,0.0,0.0,0.0,0.6990282744285715
MMMMMddddddddddMMMMM,MOE/5-methylcytosines/deoxy,*******************,GCCTTCCCATCTGCCTCAAA,16580.14769639763,14857.160486557754,151602393133.89673,0.7295063522142857
MMMMMddddddddddMMMMM,MOE/5-methylcytosines/deoxy,*******************,CTTCAAGGATGCTTTCTTCC,779.6125044582648,382.80118795892093,0.0,0.7481141213571428
MMMMMddddddddddMMMMM,MOE/5-methylcytosines/deoxy,*******************,TAAGGTTAAATCCGAAGGTT,0.0,0.0,0.0,0.7404941125714286
MMMMMddddddddddMMMMM,MOE/5-methylcytosines/deoxy,*******************,GAGACTCTGCCGAACATCTT,5536.433693205769,4718.708145021438,0.0,0.7172610767142859
MMMMMddddddddddMMMMM,MOE/5-methylcytosines/deoxy,*******************,CTGCATACAAGCTACTTGCA,0.0,0.0,0.0,0.7325054617857144
MMMMMddddddddddMMMMM,MOE/5-methylcytosines/deoxy,*******************,CTGCTGAGCAATCACTGCTT,0.0,0.0,0.0,0.7181114655714287
MMMMMddddddddddMMMMM,MOE/5-methylcytosines/deoxy,*******************,AAGCTGCCTTCCCATCTGCC,16141.192087855783,14259.217250129721,751109587254.8777,0.7367384762857141
MMMMMddddddddddMMMMM,MOE/5-methylcytosines/deoxy,*******************,GGGCGCTTCTCCCCAGGCTC,20517.775094179244,19540.28881833412,6530342319553.605,0.763593995
MMMMMddddddddddMMMMM,MOE/5-methylcytosines/deoxy,*******************,TGCCAGCAGGGCTTCAACTT,5744.229853870721,5049.250453570715,0.0,0.7397102924285714
MMMMMddddddddddMMMMM,MOE/5-methylcytosines/deoxy,*******************,TTCTGTCAACTGCACTTTCT,367.4391933307647,0.0,0.0,0.7200087062857143
MMMMMddddddddddMMMMM,MOE/5-methylcytosines/deoxy,*******************,GATTGCTGGTCAAAGACACT,368.9679037181818,332.42609068886804,0.0,0.7651650097857142
MMMMMddddddddddMMMMM,MOE/5-methylcytosines/deoxy,*******************,TAACCAATTCAATCTTCTCA,0.0,0.0,0.0,0.726677324
MMMMMddddddddddMMMMM,MOE/5-methylcytosines/deoxy,*******************,AATCTTCTCATGCTGATTTC,362.31907554159454,0.0,0.0,0.7244152857142857
MMMMMddddddddddMMMMM,MOE/5-methylcytosines/deoxy,*******************,CTTTTTCCTCTGCTTCTCTT,7385.819973786882,5970.501311053072,1349132017.6504462,0.7312921399285714
MMMMMddddddddddMMMMM,MOE/5-methylcytosines/deoxy,*******************,CCCTTCCTGCGCGGCATCTT,17446.847367843162,16628.52856012303,1247968211548.5298,0.7226819920714286
MMMMMddddddddddMMMMM,MOE/5-methylcytosines/deoxy,*******************,TGGCAGGATTGGTAGAGGAG,178.31248842854637,176.38400921379323,0.0,0.7389306414999999
MMMMMddddddddddMMMMM,MOE/5-methylcytosines/deoxy,*******************,AACTAGAAGGCACAGTCGAG,0.0,0.0,0.0,0.7186151074999999
MMMMMddddddddddMMMMM,MOE/5-methylcytosines/deoxy,*******************,GTATTCATCAGGGCTTTTAG,0.0,0.0,0.0,0.7290927812142858
MMMMMddddddddddMMMMM,MOE/5-methylcytosines/deoxy,*******************,TTCCCCTACAATGCATACCG,15999.162725794145,15053.698740141223,982132847.5437777,0.7290406459285713
MMMMMddddddddddMMMMM,MOE/5-methylcytosines/deoxy,*******************,TAACCAGGGCATTGATGAGC,3837.6979853530656,2903.8730253185217,0.0,0.7205659379285715
MMMMMddddddddddMMMMM,MOE/5-methylcytosines/deoxy,*******************,GGAAGTGGAGGTCTCTCTTT,1499.8379969358762,1239.4689928134976,0.0,0.7560477488571429
MMMMMddddddddddMMMMM,MOE/5-methylcytosines/deoxy,*******************,AAAGAGCCAAGAAGTTCCGT,0.0,0.0,0.0,0.753375557142857
MMMMMddddddddddMMMMM,MOE/5-methylcytosines/deoxy,*******************,TATCTCTTTCAATCCACAAC,0.0,0.0,0.0,0.7436171215
MMMMMddddddddddMMMMM,MOE/5-methylcytosines/deoxy,*******************,GTGACAAGTCTCTCATCTGC,220.43385433515937,0.0,0.0,0.7466348703571428
MMMMMddddddddddMMMMM,MOE/5-methylcytosines/deoxy,*******************,GTCGTATTAATTTCGATAAG,0.0,0.0,0.0,0.7344134152857144
MMMMMddddddddddMMMMM,MOE/5-methylcytosines/deoxy,*******************,GCTGATTTCAGGTTTAAATT,0.0,0.0,0.0,0.7471111627857143
MMMMMddddddddddMMMMM,MOE/5-methylcytosines/deoxy,*******************,CTACAATGCATACCGCAGAG,355.0451032312874,319.52572068606617,0.0,0.7406678576428573
MMMMMddddddddddMMMMM,MOE/5-methylcytosines/deoxy,*******************,GTATTAATGTACTGCATCAC,0.0,0.0,0.0,0.741199984142857
MMMMMddddddddddMMMMM,MOE/5-methylcytosines/deoxy,*******************,TCAGGAAGATGCTTTATTAA,0.0,0.0,0.0,0.7462169208571429
MMMMMddddddddddMMMMM,MOE/5-methylcytosines/deoxy,*******************,TCTCTAAAGGTGCTGCTGAG,2651.2339170860228,2516.3889500818304,2024465250.0289204,0.7139665217142859
MMMMMddddddddddMMMMM,MOE/5-methylcytosines/deoxy,*******************,TTGCAGTTGAACTGAATTGT,0.0,0.0,0.0,0.7621880652142856
MMMMMddddddddddMMMMM,MOE/5-methylcytosines/deoxy,*******************,CAAGCTACTTGCAGTTGAAC,0.0,0.0,0.0,0.750868359
MMMMMddddddddddMMMMM,MOE/5-methylcytosines/deoxy,*******************,ATCTTCCTCTTCTCTTCTCT,4570.366834715747,3957.8271324540246,0.0,0.7527310702142856
MMMMMddddddddddMMMMM,MOE/5-methylcytosines/deoxy,*******************,ACTTTACTAGCTTTGTCTAA,0.0,0.0,0.0,0.7394041899285714
MMMMMddddddddddMMMMM,MOE/5-methylcytosines/deoxy,*******************,TGTCATGCAAGTCCTCAGGA,1583.8206347757634,1409.8153367631082,0.0,0.7607487896428572
MMMMMddddddddddMMMMM,MOE/5-methylcytosines/deoxy,*******************,CCACTGAATGGCATCCGCAT,1834.1893698061697,842.2074608394444,0.0,0.7339762022142856
MMMMMddddddddddMMMMM,MOE/5-methylcytosines/deoxy,*******************,TATTCTCCTTTATTGCTTGC,210.74418510451102,211.49418663956217,0.0,0.7686668340714286
MMMMMddddddddddMMMMM,MOE/5-methylcytosines/deoxy,*******************,ATGTGGTTCTGAAGTTATTC,728.0026347966943,546.82436575271,0.0,0.7434873425714285
MMMMMddddddddddMMMMM,MOE/5-methylcytosines/deoxy,*******************,AAGCAAATCCACGTTTTCAT,0.0,0.0,0.0,0.722246492
MMMMMddddddddddMMMMM,MOE/5-methylcytosines/deoxy,*******************,CAGCTGGCAAGGCACCAAAC,2309.386083859631,1787.8572127078073,0.0,0.7327931351428573
MMMMMddddddddddMMMMM,MOE/5-methylcytosines/deoxy,*******************,TGTACTGCATCACCATTTCT,389.38344102565304,378.7385120791633,0.0,0.7345147866428573
MMMMMddddddddddMMMMM,MOE/5-methylcytosines/deoxy,*******************,CCCGGCAGCCGCGGAGAGAG,21129.46261893274,20095.27083818912,63577773053539.984,0.7101131279999999
MMMMMddddddddddMMMMM,MOE/5-methylcytosines/deoxy,*******************,TGCAGTTGAACTGAATTGTG,0.0,0.0,0.0,0.7544324170000001
MMMMMddddddddddMMMMM,MOE/5-methylcytosines/deoxy,*******************,GAAGTTATTCAGGTCAGTAA,0.0,0.0,0.0,0.7378922115
MMMMMddddddddddMMMMM,MOE/5-methylcytosines/deoxy,*******************,TGGGGTGTCTGGGATCCACG,5554.267311965891,4996.912829931299,0.0,0.7698831459285715
MMMMMddddddddddMMMMM,MOE/5-methylcytosines/deoxy,*******************,ACTGAATGGCATCCGCATTC,1789.8436165432906,808.774519833489,0.0,0.7457566051428571
MMMMMddddddddddMMMMM,MOE/5-methylcytosines/deoxy,*******************,TTTTTCTGTTGCTTTCTACA,368.69117752228203,188.3517446381804,0.0,0.7566584637142856
MMMMMddddddddddMMMMM,MOE/5-methylcytosines/deoxy,*******************,CTGTTGAAGCTGCCTTCCCA,14552.255487224837,13168.24166309252,683660783160.2563,0.7419303970714285
MMMMMddddddddddMMMMM,MOE/5-methylcytosines/deoxy,*******************,AAAGGTTCCAAATCATCCAC,0.0,0.0,0.0,0.7138367012857143
MMMMMddddddddddMMMMM,MOE/5-methylcytosines/deoxy,*******************,ATGAATGTGGTTCTGAAGTT,728.0026347966943,546.82436575271,0.0,0.7653359992142857
MMMMMddddddddddMMMMM,MOE/5-methylcytosines/deoxy,*******************,GGAAAGGTTTCCAATTCCTT,0.0,0.0,0.0,0.7625910130000001
MMMMMddddddddddMMMMM,MOE/5-methylcytosines/deoxy,*******************,TTTTCTGTTGCTTTCTACAT,368.69117752228203,188.3517446381804,0.0,0.7697628130714286
MMMMMddddddddddMMMMM,MOE/5-methylcytosines/deoxy,*******************,ACTTCCTGTCTTAGAAGCAG,2506.86089854428,1661.933119240178,0.0,0.7476801021428573
MMMMMddddddddddMMMMM,MOE/5-methylcytosines/deoxy,*******************,CTTCCACAGACACCTTCTTC,2227.400049325763,1923.8189640654582,0.0,0.7297617315714284
MMMMMddddddddddMMMMM,MOE/5-methylcytosines/deoxy,*******************,AGGAAGATTGAAAGGTTCTG,0.0,0.0,0.0,0.7443686051428571
MMMMMddddddddddMMMMM,MOE/5-methylcytosines/deoxy,*******************,ACATCATATGCTTCATCAAG,0.0,0.0,0.0,0.7284304924285714
MMMMMddddddddddMMMMM,MOE/5-methylcytosines/deoxy,*******************,TGCAATACAATCTGGGATAC,0.0,0.0,0.0,0.7128665283571429
MMMMMddddddddddMMMMM,MOE/5-methylcytosines/deoxy,*******************,AAGTTCTAAGAGTTCATTCT,0.0,0.0,0.0,0.741706825357143
MMMMMddddddddddMMMMM,MOE/5-methylcytosines/deoxy,*******************,GCTGAGCAATCACTGCTTGC,0.0,0.0,0.0,0.7214427937857142
MMMMMddddddddddMMMMM,MOE/5-methylcytosines/deoxy,*******************,TCTTCACATCAATGGCATAG,0.0,0.0,0.0,0.7195730201428571
MMMMMddddddddddMMMMM,MOE/5-methylcytosines/deoxy,*******************,GACTTCCTGTCTTAGAAGCA,2688.1579825493473,1834.2945212821357,0.0,0.7599698024999998
MMMMMddddddddddMMMMM,MOE/5-methylcytosines/deoxy,*******************,AGCCAGTAAGCAGTGGGTTC,0.0,0.0,0.0,0.7102199724285715
MMMMMddddddddddMMMMM,MOE/5-methylcytosines/deoxy,*******************,TATGGCACCCGAAAAGAGCT,12399.432733229061,11706.085897880203,3351329605.2432,0.7220950394285713
MMMMMddddddddddMMMMM,MOE/5-methylcytosines/deoxy,*******************,CTTTGGTTTCAACCCAAATG,176.11742325682295,0.0,0.0,0.7519831345714287
MMMMMddddddddddMMMMM,MOE/5-methylcytosines/deoxy,*******************,AGGTGACCTTATAAAGCTCG,198.4481089167411,0.0,0.0,0.7434425572142856
MMMMMddddddddddMMMMM,MOE/5-methylcytosines/deoxy,*******************,AAACATCATATGCTTCATCA,0.0,0.0,0.0,0.7219127049285714
MMMMMddddddddddMMMMM,MOE/5-methylcytosines/deoxy,*******************,CTCCAGCAGATTATCCATCA,367.58752728572495,328.2947330237346,0.0,0.7354004324999999
MMMMMddddddddddMMMMM,MOE/5-methylcytosines/deoxy,*******************,ATCTTGCCAGCAGGGCTTCA,6892.183260735648,5647.982682376169,0.0,0.7096930916428571
MMMMMddddddddddMMMMM,MOE/5-methylcytosines/deoxy,*******************,ATCATATGCTTCATCAAGTT,0.0,0.0,0.0,0.7303672791428573
MMMMMddddddddddMMMMM,MOE/5-methylcytosines/deoxy,*******************,ATCTGCCTCAAATTCTTTTC,8521.683216516343,7629.267305416399,0.0,0.7219130101428571
MMMMMddddddddddMMMMM,MOE/5-methylcytosines/deoxy,*******************,CTTTTGCTCTTCTTTATCTC,0.0,0.0,0.0,0.7458972327857143
MMMMMddddddddddMMMMM,MOE/5-methylcytosines/deoxy,*******************,TTAATTTCGATAAGCCAGTA,0.0,0.0,0.0,0.7443316172142856
MMMMMddddddddddMMMMM,MOE/5-methylcytosines/deoxy,*******************,GTTTCAACCCAAATGGCAGG,1092.1669084242396,359.31075088252123,0.0,0.6814593471428572
MMMMMddddddddddMMMMM,MOE/5-methylcytosines/deoxy,*******************,AGGACAGTGGGAGTGGCACC,5746.8927175247145,5193.143840470901,54996348353.41781,0.7229621775714286
MMMMMddddddddddMMMMM,MOE/5-methylcytosines/deoxy,*******************,TTTCAGGTTTAAATTCTTTC,0.0,0.0,0.0,0.7462088477142856
MMMMMddddddddddMMMMM,MOE/5-methylcytosines/deoxy,*******************,TCTTCGCAGGCAGTACTGAC,2119.115626976016,2257.8788984535395,0.0,0.7132721095714285
MMMMMddddddddddMMMMM,MOE/5-methylcytosines/deoxy,*******************,TCTTGTAAAGTTCTGATGCT,0.0,0.0,0.0,0.7359040254285715
MMMMMddddddddddMMMMM,MOE/5-methylcytosines/deoxy,*******************,TATATCAGGGTACTTCTCTT,0.0,0.0,0.0,0.7310233662857143
MMMMMddddddddddMMMMM,MOE/5-methylcytosines/deoxy,*******************,CCCGGACTGCAAGGCCTCCA,18264.939355980252,17225.447659771766,3847867917505.8438,0.7276995387142859
MMMMMddddddddddMMMMM,MOE/5-methylcytosines/deoxy,*******************,TGGGATCCACGGCTTTGGCC,10185.168896679,9425.346804767916,5430140969.277145,0.7314082231428573
MMMMMddddddddddMMMMM,MOE/5-methylcytosines/deoxy,*******************,TCTGAAGTTATTCAGGTCAG,0.0,0.0,0.0,0.746395740357143
MMMMMddddddddddMMMMM,MOE/5-methylcytosines/deoxy,*******************,TTACTAGCTTTGTCTAAAGG,0.0,0.0,0.0,0.7402675342857142
MMMMMddddddddddMMMMM,MOE/5-methylcytosines/deoxy,*******************,TCCACAGACACCTTCTTCAC,2884.9735711915414,2700.8838004618005,0.0,0.7536947938571429
MMMMMddddddddddMMMMM,MOE/5-methylcytosines/deoxy,*******************,AGAGGAGGAGAATTTTGTCC,0.0,0.0,0.0,0.731687908857143
MMMMMddddddddddMMMMM,MOE/5-methylcytosines/deoxy,*******************,AAACAACAGATGGCTGGCAA,4418.118981113096,3001.047222713116,0.0,0.7307438963571429
MMMMMddddddddddMMMMM,MOE/5-methylcytosines/deoxy,*******************,TTTGGTTTCAACCCAAATGG,176.11742325682295,0.0,0.0,0.7566417269285715
MMMMMddddddddddMMMMM,MOE/5-methylcytosines/deoxy,*******************,TTTCAACCCAAATGGCAGGA,916.0494851674167,359.31075088252123,0.0,0.7051074091428572
MMMMMddddddddddMMMMM,MOE/5-methylcytosines/deoxy,*******************,TGTTGAAGCTGCCTTCCCAT,14579.826857301265,13197.150385304762,683660783160.2563,0.7338561359285715
MMMMMddddddddddMMMMM,MOE/5-methylcytosines/deoxy,*******************,AGTATTAATGTACTGCATCA,0.0,0.0,0.0,0.7432105022142856
MMMMMddddddddddMMMMM,MOE/5-methylcytosines/deoxy,*******************,ATGAATTCCTGAGGTGAGAT,5330.102107758956,3953.5152183765695,509378187.0378747,0.7418756191428572
MMMMMddddddddddMMMMM,MOE/5-methylcytosines/deoxy,*******************,TCAGGTCAGTAAGAAAGTCT,0.0,0.0,0.0,0.7184070585714285
MMMMMddddddddddMMMMM,MOE/5-methylcytosines/deoxy,*******************,TCAACTGCACTTTCTGATTT,407.345207588158,0.0,0.0,0.7370440354285714
MMMMMddddddddddMMMMM,MOE/5-methylcytosines/deoxy,*******************,CACGCTTCCTTCTTCTCAGC,4613.57145220889,4695.645777066723,0.0,0.7323940436428572
MMMMMddddddddddMMMMM,MOE/5-methylcytosines/deoxy,*******************,ACAGTGGCTTTGGAAAGTTC,1590.6952191386263,671.2732526161278,0.0,0.7239023450714287
MMMMMddddddddddMMMMM,MOE/5-methylcytosines/deoxy,*******************,CCCTCAGTCTTCATTTCTAA,751.9499036087716,363.2188087177916,0.0,0.7614572239285715
MMMMMddddddddddMMMMM,MOE/5-methylcytosines/deoxy,*******************,GAACGTGACCCTTCTGTCAA,8731.451631615842,7810.302141754463,5971589425.016611,0.7618808334285715
MMMMMddddddddddMMMMM,MOE/5-methylcytosines/deoxy,*******************,TCTTTGGTTTCAACCCAAAT,176.11742325682295,0.0,0.0,0.7593723324285715
MMMMMddddddddddMMMMM,MOE/5-methylcytosines/deoxy,*******************,CTGGTCAAAGACACTCGGAG,474.43911266933014,154.64387570909088,0.0,0.7347940145714286
MMMMMddddddddddMMMMM,MOE/5-methylcytosines/deoxy,*******************,CATCAGGAGATGTAACCAGG,0.0,0.0,0.0,0.7328575986428572
MMMMMddddddddddMMMMM,MOE/5-methylcytosines/deoxy,*******************,TGATCCTCCCAGTAGACGTA,18321.22527037955,17506.574630349758,4663119949.600025,0.6928717682142859
MMMMMddddddddddMMMMM,MOE/5-methylcytosines/deoxy,*******************,AGAAACAGTTTTCAGTCATT,0.0,0.0,0.0,0.7600610997142857
MMMMMddddddddddMMMMM,MOE/5-methylcytosines/deoxy,*******************,CGCTTCTCCCCAGGCTCCTC,21423.43181673154,20388.069916195112,422974434096621.06,0.6997495212142858
MMMMMddddddddddMMMMM,MOE/5-methylcytosines/deoxy,*******************,TCTAAATCTAGTCTTTTTCG,0.0,0.0,0.0,0.7742825634285716
MMMMMddddddddddMMMMM,MOE/5-methylcytosines/deoxy,*******************,TGATTTTCATGGTTACAAAC,0.0,0.0,0.0,0.7491874087857143
MMMMMddddddddddMMMMM,MOE/5-methylcytosines/deoxy,*******************,TCTCGCTCTGCTAATTCTTT,7851.451768073662,7361.0203794607305,599159837.4923517,0.7355537068571427
MMMMMddddddddddMMMMM,MOE/5-methylcytosines/deoxy,*******************,CTTCTTCACATCAATGGCAT,0.0,0.0,0.0,0.7355418338571429
MMMMMddddddddddMMMMM,MOE/5-methylcytosines/deoxy,*******************,CGTTCGAGTCTTTCTCGCTC,848.3845407461769,349.8723849428836,0.0,0.7448399670714286
MMMMMddddddddddMMMMM,MOE/5-methylcytosines/deoxy,*******************,AATCTGGGATACACACTCAT,381.3920287345935,383.40097958285435,0.0,0.7250548830714286
MMMMMddddddddddMMMMM,MOE/5-methylcytosines/deoxy,*******************,TCCTCCCAGTAGACGTATGA,17703.159786932913,16985.93181757997,4663119949.600025,0.7552568488571428
MMMMMddddddddddMMMMM,MOE/5-methylcytosines/deoxy,*******************,GCAACAAAATGTATTCTCAA,0.0,0.0,0.0,0.7451336325000001
MMMMMddddddddddMMMMM,MOE/5-methylcytosines/deoxy,*******************,ATCTCTATGCAATACAATCT,0.0,0.0,0.0,0.7198554937857142
MMMMMddddddddddMMMMM,MOE/5-methylcytosines/deoxy,*******************,CTCGCTCTGCTAATTCTTTA,6775.615270835017,6321.006845448266,599159837.4923517,0.7305267465714286
MMMMMddddddddddMMMMM,MOE/5-methylcytosines/deoxy,*******************,TGCTCATCACAACCACAAAC,0.0,0.0,0.0,0.7318768354285714
MMMMMddddddddddMMMMM,MOE/5-methylcytosines/deoxy,*******************,GTTTAACCACATCTGTCATC,894.4573074847308,1026.2803463901878,0.0,0.7190495096428571
MMMMMddddddddddMMMMM,MOE/5-methylcytosines/deoxy,*******************,AGGTTAAATCCGAAGGTTTG,0.0,0.0,0.0,0.6936830237857142
MMMMMddddddddddMMMMM,MOE/5-methylcytosines/deoxy,*******************,GCTTGTAGCTCTGCTTGAAG,742.4388225404543,559.8690978418366,0.0,0.7280899165
MMMMMddddddddddMMMMM,MOE/5-methylcytosines/deoxy,*******************,AGTGGCCAGTTCCACCTTCT,10554.17507147265,9098.18337722183,764356953.4261049,0.7580316147857141
MMMMMddddddddddMMMMM,MOE/5-methylcytosines/deoxy,*******************,TAAGCTCCTTGGCGACTGGA,10358.836458371597,9744.946703558044,649821190.978864,0.7646881444285715
MMMMMddddddddddMMMMM,MOE/5-methylcytosines/deoxy,*******************,GCAGAGAGAAGTTTAACCAC,0.0,0.0,0.0,0.7584704656428573
MMMMMddddddddddMMMMM,MOE/5-methylcytosines/deoxy,*******************,GCATTGATGAGCTGCATACA,601.3248558675673,570.2353505857254,0.0,0.7426546474285713
MMMMMddddddddddMMMMM,MOE/5-methylcytosines/deoxy,*******************,TTCATGAGGTCTGATCTTTA,414.78163165566116,351.3472251667647,0.0,0.7467601004285713
MMMMMddddddddddMMMMM,MOE/5-methylcytosines/deoxy,*******************,TTGTAGCTCTGCTTGAAGCT,737.6746532880167,555.2399865767139,0.0,0.7399455289999999
MMMMMddddddddddMMMMM,MOE/5-methylcytosines/deoxy,*******************,TTCTTCTGTCGCGGAAGGCA,2728.71440062536,2343.577222766429,490692883.7639787,0.7546169354285716
MMMMMddddddddddMMMMM,MOE/5-methylcytosines/deoxy,*******************,TGGTTTCAACCCAAATGGCA,887.0590344249905,359.31075088252123,0.0,0.7234978967142858
MMMMMddddddddddMMMMM,MOE/5-methylcytosines/deoxy,*******************,ACACCTTCTTCACATCAATG,2322.8902809852175,2148.4546561128263,0.0,0.7519678465
MMMMMddddddddddMMMMM,MOE/5-methylcytosines/deoxy,*******************,TTTTGTGTCCTTTAGTTTAC,399.3805727273574,219.59476885060585,0.0,0.7649991286428574
MMMMMddddddddddMMMMM,MOE/5-methylcytosines/deoxy,*******************,TGTGACAAGTCTCTCATCTG,220.43385433515937,0.0,0.0,0.7589245707142857
MMMMMddddddddddMMMMM,MOE/5-methylcytosines/deoxy,*******************,CATTCCATCTCTATGCAATA,193.8307033749908,187.48544213435488,0.0,0.7464060023571429
MMMMMddddddddddMMMMM,MOE/5-methylcytosines/deoxy,*******************,ATTATCCATCACTCCTGTCT,5812.6136750011265,4626.788341231714,0.0,0.7516035338571427
MMMMMddddddddddMMMMM,MOE/5-methylcytosines/deoxy,*******************,CCCAAATGGCAGGATTGGTA,909.0033726495947,535.6947600963144,0.0,0.7293087990714288
MMMMMddddddddddMMMMM,MOE/5-methylcytosines/deoxy,*******************,AACTTTCAGAACAGGCCTCT,4980.653712902515,4481.241171661147,0.0,0.7221973276428572
MMMMMddddddddddMMMMM,MOE/5-methylcytosines/deoxy,*******************,GTGGCACCTTCCAGGGTCAA,11382.41850409602,11397.910244978662,764356953.4261049,0.725750834642857
MMMMMddddddddddMMMMM,MOE/5-methylcytosines/deoxy,*******************,TGAACGTGACCCTTCTGTCA,8731.451631615842,7810.302141754463,5971589425.016611,0.7540651776428573
MMMMMddddddddddMMMMM,MOE/5-methylcytosines/deoxy,*******************,AGTCTTTCTCGCTCTGCTAA,8217.365084012103,7560.39854414736,599159837.4923517,0.7418184545714287
MMMMMddddddddddMMMMM,MOE/5-methylcytosines/deoxy,*******************,CCCATTAGCAATACAAGTTC,0.0,0.0,0.0,0.711602657642857
MMMMMddddddddddMMMMM,MOE/5-methylcytosines/deoxy,*******************,TCTCCCCAGGCTCCTCGGGG,22715.087342499508,21395.887227307816,2247537600164429.5,0.7398484527857142
MMMMMddddddddddMMMMM,MOE/5-methylcytosines/deoxy,*******************,GAGAATAGCACTGAGCCGTG,4347.690430761414,3817.952100622476,0.0,0.7200162394285714
MMMMMddddddddddMMMMM,MOE/5-methylcytosines/deoxy,*******************,CTAAATCTAGTCTTTTTCGA,0.0,0.0,0.0,0.7719915092142857
MMMMMddddddddddMMMMM,MOE/5-methylcytosines/deoxy,*******************,GCATCCGCATTCCTGGAAGT,6130.56619935665,4719.824856644902,0.0,0.7281076397857144
MMMMMddddddddddMMMMM,MOE/5-methylcytosines/deoxy,*******************,CAGCTCATGAATGAATTCCT,0.0,0.0,0.0,0.7487288636428572
MMMMMddddddddddMMMMM,MOE/5-methylcytosines/deoxy,*******************,CAGACACCTTCTTCACATCA,2694.918970858173,2490.4372928049,0.0,0.7629481652857141
MMMMMddddddddddMMMMM,MOE/5-methylcytosines/deoxy,*******************,TTAGTTTACAGAGAGAGCTA,0.0,0.0,0.0,0.7298102046428572
MMMMMddddddddddMMMMM,MOE/5-methylcytosines/deoxy,*******************,TTGATATTCTCCTTTATTGC,184.91457237029866,185.57265085090904,0.0,0.7443482495714286
MMMMMddddddddddMMMMM,MOE/5-methylcytosines/deoxy,*******************,TCAAGGCGATGGGATAACTC,191.33197795368687,181.90170104796988,0.0,0.7347846433571428
MMMMMddddddddddMMMMM,MOE/5-methylcytosines/deoxy,*******************,TATTCACTCTTGAACTGAGA,0.0,0.0,0.0,0.737992208
MMMMMddddddddddMMMMM,MOE/5-methylcytosines/deoxy,*******************,CCTCTTCTCTTCTCTCTTTT,2858.43047722878,2426.2799487154452,0.0,0.7473045902142857
MMMMMddddddddddMMMMM,MOE/5-methylcytosines/deoxy,*******************,AGTGGGAGTGGCACCTTCCA,8983.328438012673,8327.524185275832,764356953.4261049,0.7321625667857143
MMMMMddddddddddMMMMM,MOE/5-methylcytosines/deoxy,*******************,CTTTCTTGCTCCCTGGAATT,16754.053458795774,16010.687444758838,562299034.5413343,0.7640033543571428
MMMMMddddddddddMMMMM,MOE/5-methylcytosines/deoxy,*******************,ATATCTCTTTCAATCCACAA,0.0,0.0,0.0,0.7447888932857143
MMMMMddddddddddMMMMM,MOE/5-methylcytosines/deoxy,*******************,AAGGTTTCCAATTCCTTCTC,397.20210906460335,386.7032451999512,0.0,0.7216031388571429
MMMMMddddddddddMMMMM,MOE/5-methylcytosines/deoxy,*******************,AAAGGTTTCCAATTCCTTCT,397.20210906460335,386.7032451999512,0.0,0.7383729004285715
MMMMMddddddddddMMMMM,MOE/5-methylcytosines/deoxy,*******************,AAAGTTCTGATGCTTTCTCT,229.17639928319036,0.0,0.0,0.7493640786428573
MMMMMddddddddddMMMMM,MOE/5-methylcytosines/deoxy,*******************,GTGCCGGAGGCCTTCCACAA,16960.700858157517,15223.224017534809,18501496129283.555,0.7389743665
MMMMMddddddddddMMMMM,MOE/5-methylcytosines/deoxy,*******************,CTCAGGAAGATTGAAAGGTT,0.0,0.0,0.0,0.7368883347142857
MMMMMddddddddddMMMMM,MOE/5-methylcytosines/deoxy,*******************,TCGCGGAAGGCAGCCCCGGA,20647.396215374265,19676.908087986212,4.0383973848713274e+17,0.7347400682857143
MMMMMddddddddddMMMMM,MOE/5-methylcytosines/deoxy,*******************,CATCTCTATGCAATACAATC,0.0,0.0,0.0,0.7272924918571427
MMMMMddddddddddMMMMM,MOE/5-methylcytosines/deoxy,*******************,TCTTCCATCATTTTTTCAAA,0.0,0.0,0.0,0.7360827702857142
MMMMMddddddddddMMMMM,MOE/5-methylcytosines/deoxy,*******************,AGAGACTCCAGGCATGTGAC,8321.24171767992,7658.182225071584,0.0,0.7166989983571429
MMMMMddddddddddMMMMM,MOE/5-methylcytosines/deoxy,*******************,AATGCAGTCTTCAGGTTGGG,751.5013353851317,165.9953932267534,0.0,0.7583662921428572
MMMMMddddddddddMMMMM,MOE/5-methylcytosines/deoxy,*******************,TGCTCCCTGGAATTCTTATG,16536.879430998884,15788.863276001233,562299034.5413343,0.7713491348571428
MMMMMddddddddddMMMMM,MOE/5-methylcytosines/deoxy,*******************,AGTTGAACTGAATTGTGCCG,1393.828827091344,1010.6922335611075,0.0,0.7199336934285715
MMMMMddddddddddMMMMM,MOE/5-methylcytosines/deoxy,*******************,AAGCTCCTTGGCGACTGGAG,10363.081824393486,9746.979646093747,649821190.978864,0.7749430542142856
MMMMMddddddddddMMMMM,MOE/5-methylcytosines/deoxy,*******************,CGTCAGTGTCCTAATATTTA,349.64518594326506,347.1147771252358,0.0,0.7494676480714286
MMMMMddddddddddMMMMM,MOE/5-methylcytosines/deoxy,*******************,GATATTCTCCTTTATTGCTT,210.74418510451102,211.49418663956217,0.0,0.7350867849285715
MMMMMddddddddddMMMMM,MOE/5-methylcytosines/deoxy,*******************,CCGTTCCATGTTAACAGCTT,3390.8560067043054,2738.8951509085846,399288513.56654423,0.7959952169285714
MMMMMddddddddddMMMMM,MOE/5-methylcytosines/deoxy,*******************,CTGCAGACCCCATTTTCAGC,14854.295309134799,14264.507780127195,2089402129.9273446,0.7030657231428571
MMMMMddddddddddMMMMM,MOE/5-methylcytosines/deoxy,*******************,GCAATTGATATTGTAGTGTG,0.0,0.0,0.0,0.7618353082857144
MMMMMddddddddddMMMMM,MOE/5-methylcytosines/deoxy,*******************,CAAACTCTTCTAGTTTTGCT,0.0,0.0,0.0,0.7453615925714285
MMMMMddddddddddMMMMM,MOE/5-methylcytosines/deoxy,*******************,TTCTTTCCAAGCCATACTGC,1222.4083609626891,700.2042568610245,0.0,0.7402543349285715
MMMMMddddddddddMMMMM,MOE/5-methylcytosines/deoxy,*******************,TAATCTTTGCCTCTTTTTTC,3661.4458390158434,2358.317359255112,0.0,0.752082293
MMMMMddddddddddMMMMM,MOE/5-methylcytosines/deoxy,*******************,TCCAGCAGATTATCCATCAC,0.0,0.0,0.0,0.741495884
MMMMMddddddddddMMMMM,MOE/5-methylcytosines/deoxy,*******************,TTGGATTTTTCCACTAATCA,548.891360725011,209.49561979952733,0.0,0.7712476197857142
MMMMMddddddddddMMMMM,MOE/5-methylcytosines/deoxy,*******************,GTGCCGTTCCATGTTAACAG,3895.6059419755115,3216.6434782929546,399288513.56654423,0.7355197296428572
MMMMMddddddddddMMMMM,MOE/5-methylcytosines/deoxy,*******************,GGACCACTGAATGGCATCCG,1184.8840495025497,854.7313276838001,0.0,0.7279320076428573
MMMMMddddddddddMMMMM,MOE/5-methylcytosines/deoxy,*******************,TTAATGTACTGCATCACCAT,389.38344102565304,378.7385120791633,0.0,0.7313589127142858
MMMMMddddddddddMMMMM,MOE/5-methylcytosines/deoxy,*******************,TACCAGGAAATGAAGTAGCG,0.0,0.0,0.0,0.7248121978571429
MMMMMddddddddddMMMMM,MOE/5-methylcytosines/deoxy,*******************,CAGGTTTAAATTCTTTCTTT,0.0,0.0,0.0,0.7302599252142857
MMMMMddddddddddMMMMM,MOE/5-methylcytosines/deoxy,*******************,TCCCCTACAATGCATACCGC,14155.689064708451,13394.694964943994,92632984.85769184,0.7164323326428572
MMMMMddddddddddMMMMM,MOE/5-methylcytosines/deoxy,*******************,TCACCATTTCTTTTTTGATA,0.0,0.0,0.0,0.7462628770714286
MMMMMddddddddddMMMMM,MOE/5-methylcytosines/deoxy,*******************,CCTTATAAAGCTCGTAATCT,0.0,0.0,0.0,0.7115123672857143
MMMMMddddddddddMMMMM,MOE/5-methylcytosines/deoxy,*******************,ATCTGTCGGCTTCTCTTAAG,2351.6985541553836,1768.571019646141,4558501282.171783,0.7357693430714286
MMMMMddddddddddMMMMM,MOE/5-methylcytosines/deoxy,*******************,GTTAAATCCGAAGGTTTGAG,0.0,0.0,0.0,0.7135674616428572
MMMMMddddddddddMMMMM,MOE/5-methylcytosines/deoxy,*******************,TGTTGTTCACCTGCTCTTCA,4723.579384176691,4137.4247527296275,0.0,0.7282020408571429
MMMMMddddddddddMMMMM,MOE/5-methylcytosines/deoxy,*******************,GGTTCTGGGCAATTTTAGAA,1423.975376246935,1207.029892422127,0.0,0.7284893086428571
MMMMMddddddddddMMMMM,MOE/5-methylcytosines/deoxy,*******************,CAGGCCTCTGAGACATTGGA,7399.089485977195,6323.431596153968,0.0,0.7260516144999999
MMMMMddddddddddMMMMM,MOE/5-methylcytosines/deoxy,*******************,TTACTTTTATCCAGAAACAG,0.0,0.0,0.0,0.7488651513571429
MMMMMddddddddddMMMMM,MOE/5-methylcytosines/deoxy,*******************,GTCTAAAGGTTCCAAATCAT,0.0,0.0,0.0,0.7278466635714286
MMMMMddddddddddMMMMM,MOE/5-methylcytosines/deoxy,*******************,TTGCAATTGATATTGTAGTG,0.0,0.0,0.0,0.7617955915714285
MMMMMddddddddddMMMMM,MOE/5-methylcytosines/deoxy,*******************,TCCGCATTCCTGGAAGTGGA,5813.233066790611,4560.333432646792,0.0,0.7299116337857142
MMMMMddddddddddMMMMM,MOE/5-methylcytosines/deoxy,*******************,ATAACTTTTCCATGTTTTCG,396.3542406412323,694.7556424964112,0.0,0.7601337342857143
MMMMMddddddddddMMMMM,MOE/5-methylcytosines/deoxy,*******************,AGCTGCATACAAGCTACTTG,0.0,0.0,0.0,0.7092157982142856
MMMMMddddddddddMMMMM,MOE/5-methylcytosines/deoxy,*******************,TCTCCCTATAGTGAGTCGTA,3547.9760304839997,2813.2143872058396,0.0,0.7298027414285714
MMMMMddddddddddMMMMM,MOE/5-methylcytosines/deoxy,*******************,GGATTTTTCCACTAATCAGT,0.0,0.0,0.0,0.7586853143571429
MMMMMddddddddddMMMMM,MOE/5-methylcytosines/deoxy,*******************,GACTTTATGTTGATTTTTCT,0.0,0.0,0.0,0.7693363295
MMMMMddddddddddMMMMM,MOE/5-methylcytosines/deoxy,*******************,GTCTAATAATAATCCAAGCC,0.0,0.0,0.0,0.7219337726428573
MMMMMddddddddddMMMMM,MOE/5-methylcytosines/deoxy,*******************,ATGCATACCGCAGAGAGAAG,522.4714031515404,319.52572068606617,0.0,0.6863099990714286
MMMMMddddddddddMMMMM,MOE/5-methylcytosines/deoxy,*******************,CCCCAGGCTCCTCGGGGCCA,22729.094944511795,21292.829076913487,3.333725559663056e+16,0.7350094301428572
MMMMMddddddddddMMMMM,MOE/5-methylcytosines/deoxy,*******************,TTTTTCTTCTGTCGCGGAAG,2582.238266859469,2359.8935118562886,490692883.7639787,0.7548449729285716
MMMMMddddddddddMMMMM,MOE/5-methylcytosines/deoxy,*******************,ATCTATGCAAATGTCTACAA,0.0,0.0,0.0,0.7344845720714287
MMMMMddddddddddMMMMM,MOE/5-methylcytosines/deoxy,*******************,TATGTGAAGTCTGGATCCAT,1443.1157507555304,802.9285447193888,0.0,0.7513339632857142
MMMMMddddddddddMMMMM,MOE/5-methylcytosines/deoxy,*******************,TCTCAAGTTTACAAAGCAAA,0.0,0.0,0.0,0.7596009382142858
MMMMMddddddddddMMMMM,MOE/5-methylcytosines/deoxy,*******************,CCACAAAATTCAGTATATCA,0.0,0.0,0.0,0.7160891218571427
MMMMMddddddddddMMMMM,MOE/5-methylcytosines/deoxy,*******************,GCATAAATTCATTTCTGATG,0.0,0.0,0.0,0.7318344870000001
MMMMMddddddddddMMMMM,MOE/5-methylcytosines/deoxy,*******************,ATTGGGGTGTCTGGGATCCA,5297.409179610053,4724.565016179386,0.0,0.7698231383571429
MMMMMddddddddddMMMMM,MOE/5-methylcytosines/deoxy,*******************,TCGTATTAATTTCGATAAGC,0.0,0.0,0.0,0.739503325642857
MMMMMddddddddddMMMMM,MOE/5-methylcytosines/deoxy,*******************,TTCAATCCACAACGCATAAA,0.0,0.0,0.0,0.7263006799285714
MMMMMddddddddddMMMMM,MOE/5-methylcytosines/deoxy,*******************,AACAGCTTGGGTCTCCCTAT,10163.363683446798,8965.217276896721,5974964020.4873,0.7484267560000001
MMMMMddddddddddMMMMM,MOE/5-methylcytosines/deoxy,*******************,TTCTCTTCAAACTCTTCTAG,0.0,0.0,0.0,0.7259936622857143
MMMMMddddddddddMMMMM,MOE/5-methylcytosines/deoxy,*******************,TCATGAGGTCTGATCTTTAA,414.78163165566116,351.3472251667647,0.0,0.7393709025714286
MMMMMddddddddddMMMMM,MOE/5-methylcytosines/deoxy,*******************,GAGCTAAGGTTAAATCCGAA,0.0,0.0,0.0,0.7315155449285715
MMMMMddddddddddMMMMM,MOE/5-methylcytosines/deoxy,*******************,AATCTTTGCCTCTTTTTTCT,3661.4458390158434,2358.317359255112,0.0,0.7496299387857144
MMMMMddddddddddMMMMM,MOE/5-methylcytosines/deoxy,*******************,CGTTCCATGTTAACAGCTTG,347.01746692886826,158.1879761224857,0.0,0.7884382975714284
MMMMMddddddddddMMMMM,MOE/5-methylcytosines/deoxy,*******************,CAGAACAGGCCTCTGAGACA,7776.301803489482,6767.367091246411,0.0,0.7366537645
MMMMMddddddddddMMMMM,MOE/5-methylcytosines/deoxy,*******************,CACATAAGTTGCTATATTCA,0.0,0.0,0.0,0.7572733412857142
MMMMMddddddddddMMMMM,MOE/5-methylcytosines/deoxy,*******************,TTCCACAGACACCTTCTTCA,2290.98673268509,1974.7123026171193,0.0,0.7402300124285713
MMMMMddddddddddMMMMM,MOE/5-methylcytosines/deoxy,*******************,AGTGCTGAGTGGCCAGTTCC,4279.112345095471,3972.9121058850747,0.0,0.73861013
MMMMMddddddddddMMMMM,MOE/5-methylcytosines/deoxy,*******************,ATGTCAGGTTTGATGTTGTT,166.56170958863183,0.0,0.0,0.7415832867857144
MMMMMddddddddddMMMMM,MOE/5-methylcytosines/deoxy,*******************,TTGTTGAGTTGCAATTGATA,0.0,0.0,0.0,0.7495050707142857
MMMMMddddddddddMMMMM,MOE/5-methylcytosines/deoxy,*******************,ATCACTCCTGTCTCATCACC,6858.083032723935,5929.262326786293,1349132017.6504462,0.7567558459999999
MMMMMddddddddddMMMMM,MOE/5-methylcytosines/deoxy,*******************,GGTAGGGAGTCCCAGCGGCT,14482.17828563348,13374.361655491952,34498682512.52449,0.7457107897857143
MMMMMddddddddddMMMMM,MOE/5-methylcytosines/deoxy,*******************,CCTCTGAGACATTGGACTGA,423.0497284717984,172.71084353363244,0.0,0.7409343185714287
MMMMMddddddddddMMMMM,MOE/5-methylcytosines/deoxy,*******************,CTTGTAAAGTTCTGATGCTT,0.0,0.0,0.0,0.7337735860714284
MMMMMddddddddddMMMMM,MOE/5-methylcytosines/deoxy,*******************,GAGATGTAACCAGGGCATTG,3865.4565630448783,2930.7535415905086,0.0,0.7106180720714287
MMMMMddddddddddMMMMM,MOE/5-methylcytosines/deoxy,*******************,AGTATCCTATTATACTCTGG,0.0,0.0,0.0,0.7603681501428571
MMMMMddddddddddMMMMM,MOE/5-methylcytosines/deoxy,*******************,CAAATCTTCTTCTTTATGCT,0.0,0.0,0.0,0.7556301507857144
MMMMMddddddddddMMMMM,MOE/5-methylcytosines/deoxy,*******************,TTCCACCCAACTCACAGGAT,17088.575838082957,16411.808504259825,2326983114.6728487,0.7298146292857143
MMMMMddddddddddMMMMM,MOE/5-methylcytosines/deoxy,*******************,TTCTACATTACACGCTTCCT,1598.6194599719934,1996.5011818591042,0.0,0.7450335585
MMMMMddddddddddMMMMM,MOE/5-methylcytosines/deoxy,*******************,TCCTGTCTTAGAAGCAGTAT,185.7449033071651,188.94098970421769,0.0,0.751105254642857
MMMMMddddddddddMMMMM,MOE/5-methylcytosines/deoxy,*******************,AGGCAGTACTGACAGCCATG,1580.612673416864,1255.648608517686,0.0,0.7394535812142858
MMMMMddddddddddMMMMM,MOE/5-methylcytosines/deoxy,*******************,CATCCGTCAGTGTCCTAATA,2550.939731264322,1558.8074255902843,0.0,0.7318826572142857
MMMMMddddddddddMMMMM,MOE/5-methylcytosines/deoxy,*******************,AGGAAGTGCTGAGTGGCCAG,2820.1601058840474,2849.907049512761,0.0,0.7405123308571427
MMMMMddddddddddMMMMM,MOE/5-methylcytosines/deoxy,*******************,TTATCCATCACTCCTGTCTC,6612.31738689558,5539.980762015396,0.0,0.7465765735714286
MMMMMddddddddddMMMMM,MOE/5-methylcytosines/deoxy,*******************,CACCATGTTGTAAACATCAT,0.0,0.0,0.0,0.7872220667142856
MMMMMddddddddddMMMMM,MOE/5-methylcytosines/deoxy,*******************,CTGGCAAGGCACCAAACTGA,1675.5067263381359,1199.1641267695156,0.0,0.7268644987857142
MMMMMddddddddddMMMMM,MOE/5-methylcytosines/deoxy,*******************,GTTGTTCACCTGCTCTTCAA,4723.579384176691,4137.4247527296275,0.0,0.7191291110714285
MMMMMddddddddddMMMMM,MOE/5-methylcytosines/deoxy,*******************,CTGTCTTAGAAGCAGTATTA,0.0,0.0,0.0,0.7377982055714286
MMMMMddddddddddMMMMM,MOE/5-methylcytosines/deoxy,*******************,GCAGTCTTCAGGTTGGGAAG,1293.6582279417923,666.0658404402296,0.0,0.7314876703571428
MMMMMddddddddddMMMMM,MOE/5-methylcytosines/deoxy,*******************,CCAAAGCTTTCCACCCAACT,17087.225354423517,16279.47907404113,2326983114.6728487,0.7522684095714286
MMMMMddddddddddMMMMM,MOE/5-methylcytosines/deoxy,*******************,AGAAAGTCTTCCACAGACAC,905.2322754874824,509.0637280961407,0.0,0.7521160667857141
MMMMMddddddddddMMMMM,MOE/5-methylcytosines/deoxy,*******************,ATTGCTCATCACAACCACAA,0.0,0.0,0.0,0.7461770538571428
MMMMMddddddddddMMMMM,MOE/5-methylcytosines/deoxy,*******************,TTTTTCGATATGTGAAGTCT,0.0,0.0,0.0,0.735776019357143
MMMMMddddddddddMMMMM,MOE/5-methylcytosines/deoxy,*******************,GCAACTTGCTAAAGCTTTTG,0.0,0.0,0.0,0.7442381363571429
MMMMMddddddddddMMMMM,MOE/5-methylcytosines/deoxy,*******************,AGAAGTTTAACCACATCTGT,894.4573074847308,1026.2803463901878,0.0,0.7476349319285714
MMMMMddddddddddMMMMM,MOE/5-methylcytosines/deoxy,*******************,ATCTTCAAGGCGATGGGATA,191.33197795368687,181.90170104796988,0.0,0.7330226269285713
MMMMMddddddddddMMMMM,MOE/5-methylcytosines/deoxy,*******************,TATTAATGTACTGCATCACC,376.08113693444756,365.8716735416156,0.0,0.7519868779285714
MMMMMddddddddddMMMMM,MOE/5-methylcytosines/deoxy,*******************,GCTAAAGCTTTTGCTCTTCT,0.0,328.58816689020085,0.0,0.7529279955000001
MMMMMddddddddddMMMMM,MOE/5-methylcytosines/deoxy,*******************,AGCTTTTGCTCTTCTTTATC,0.0,328.58816689020085,0.0,0.7482020657857144
MMMMMddddddddddMMMMM,MOE/5-methylcytosines/deoxy,*******************,TCCCTATAGTGAGTCGTATT,217.17938617311918,0.0,0.0,0.7294206046428571
MMMMMddddddddddMMMMM,MOE/5-methylcytosines/deoxy,*******************,TGGATTTTTCCACTAATCAG,548.891360725011,209.49561979952733,0.0,0.7691138785
MMMMMddddddddddMMMMM,MOE/5-methylcytosines/deoxy,*******************,CTCTTCTCTTCTCTCTTTTT,529.6871447602905,356.88823883837756,0.0,0.752620085
MMMMMddddddddddMMMMM,MOE/5-methylcytosines/deoxy,*******************,CATCTCTAAAGGTGCTGCTG,2616.134844572815,2345.98169231963,2024465250.0289204,0.7076236817857142
MMMMMddddddddddMMMMM,MOE/5-methylcytosines/deoxy,*******************,TTCTGAAGTTATTCAGGTCA,0.0,0.0,0.0,0.7476170351428572
MMMMMddddddddddMMMMM,MOE/5-methylcytosines/deoxy,*******************,GCAAGGCCTCCAGCAGATTA,14840.696696162273,13650.217615998212,899080486.0807346,0.7158685151428573
MMMMMddddddddddMMMMM,MOE/5-methylcytosines/deoxy,*******************,ATTGGACTGAGACTCTGCCG,5607.755319999859,4767.680656602132,0.0,0.7459749677857144
MMMMMddddddddddMMMMM,MOE/5-methylcytosines/deoxy,*******************,AAGAGAATAGCACTGAGCCG,2786.758838372185,2231.661078903282,0.0,0.716503860142857
MMMMMddddddddddMMMMM,MOE/5-methylcytosines/deoxy,*******************,TGAGACATTGGACTGAGACT,0.0,0.0,0.0,0.7482446622142858
MMMMMddddddddddMMMMM,MOE/5-methylcytosines/deoxy,*******************,TTTGCTTGATCTATGCAAAT,0.0,0.0,0.0,0.7614912510714287
MMMMMddddddddddMMMMM,MOE/5-methylcytosines/deoxy,*******************,ATATTGTAGTGTGAACGTGA,0.0,0.0,0.0,0.7379697580714285
MMMMMddddddddddMMMMM,MOE/5-methylcytosines/deoxy,*******************,GAAGCCTGAAATCCAAATCA,197.91385149759918,196.53422436552148,0.0,0.7464272291428572
MMMMMddddddddddMMMMM,MOE/5-methylcytosines/deoxy,*******************,TGGCAAGGCACCAAACTGAG,609.6583589500772,172.83879583933822,0.0,0.7274923550714286
MMMMMddddddddddMMMMM,MOE/5-methylcytosines/deoxy,*******************,CCGGCAGCCGCGGAGAGAGG,17484.10327944789,16564.033332786577,19401405633478.316,0.720373124
MMMMMddddddddddMMMMM,MOE/5-methylcytosines/deoxy,*******************,CTCCTTGGCGACTGGAGTCC,10477.593109175921,9396.842035661019,649821190.978864,0.7469453481428572
MMMMMddddddddddMMMMM,MOE/5-methylcytosines/deoxy,*******************,CAGTTGAACTGAATTGTGCC,0.0,0.0,0.0,0.7272621495714287
MMMMMddddddddddMMMMM,MOE/5-methylcytosines/deoxy,*******************,TTGGGGGCCCTTCCTGCGCG,21251.068385043425,19975.348352919627,29070448288058.125,0.7277513437142858
MMMMMddddddddddMMMMM,MOE/5-methylcytosines/deoxy,*******************,ATCCTATTATACTCTGGTAT,0.0,0.0,0.0,0.736344044
MMMMMddddddddddMMMMM,MOE/5-methylcytosines/deoxy,*******************,TGTCTCATCACCCTCAGTCT,9038.266260978076,7765.134477640737,0.0,0.7326905677142859
MMMMMddddddddddMMMMM,MOE/5-methylcytosines/deoxy,*******************,ATCTCTAAAGGTGCTGCTGA,2632.164644135449,2351.0781399262373,2024465250.0289204,0.7181242140000001
MMMMMddddddddddMMMMM,MOE/5-methylcytosines/deoxy,*******************,CAACTTCGGGAACTGATTCA,2122.341401942335,2088.523753665847,0.0,0.7364228962857142
MMMMMddddddddddMMMMM,MOE/5-methylcytosines/deoxy,*******************,TCCACGGCTTTGGCCAATAA,9480.560508588695,9163.892697526879,1137731148.9988089,0.7381309963571427
MMMMMddddddddddMMMMM,MOE/5-methylcytosines/deoxy,*******************,TCTACTTCCAATATCATCAT,0.0,0.0,0.0,0.7183881165
MMMMMddddddddddMMMMM,MOE/5-methylcytosines/deoxy,*******************,ATCATATTGGGGTGTCTGGG,4246.647603090887,3363.9624523757957,0.0,0.7187282056428571
MMMMMddddddddddMMMMM,MOE/5-methylcytosines/deoxy,*******************,GATCAGGAAGATGCTTTATT,0.0,0.0,0.0,0.7474848839285714
MMMMMddddddddddMMMMM,MOE/5-methylcytosines/deoxy,*******************,CTTTTTCGATATGTGAAGTC,0.0,0.0,0.0,0.7462045835
MMMMMddddddddddMMMMM,MOE/5-methylcytosines/deoxy,*******************,TTCCTGTCTTAGAAGCAGTA,1193.0494461507328,703.1633017130017,0.0,0.7272241535714284
MMMMMddddddddddMMMMM,MOE/5-methylcytosines/deoxy,*******************,ATAATTAAGCTCCTTGGCGA,9478.181782675738,8926.240393092006,649821190.978864,0.7248325220714286
MMMMMddddddddddMMMMM,MOE/5-methylcytosines/deoxy,*******************,GGATTGCTGGTCAAAGACAC,549.8210897746483,503.77767974432436,0.0,0.7605436958571429
MMMMMddddddddddMMMMM,MOE/5-methylcytosines/deoxy,*******************,TGCATACAAGCTACTTGCAG,0.0,0.0,0.0,0.7312844035
MMMMMddddddddddMMMMM,MOE/5-methylcytosines/deoxy,*******************,TTGCACTGATAACAAATCTG,0.0,0.0,0.0,0.7561763463571428
MMMMMddddddddddMMMMM,MOE/5-methylcytosines/deoxy,*******************,TCTGTCAACTGCACTTTCTG,393.80316391550787,0.0,0.0,0.720408226
MMMMMddddddddddMMMMM,MOE/5-methylcytosines/deoxy,*******************,ATCCATCACTCCTGTCTCAT,7072.230874629574,6286.173165820201,1349132017.6504462,0.7396684627142858
MMMMMddddddddddMMMMM,MOE/5-methylcytosines/deoxy,*******************,TTTCAATCCACAACGCATAA,0.0,0.0,0.0,0.7151473357857142
MMMMMddddddddddMMMMM,MOE/5-methylcytosines/deoxy,*******************,CTTGCAGTTGAACTGAATTG,0.0,0.0,0.0,0.761013946642857
MMMMMddddddddddMMMMM,MOE/5-methylcytosines/deoxy,*******************,CAGAGAGAAGTTTAACCACA,0.0,0.0,0.0,0.7442051762142857
MMMMMddddddddddMMMMM,MOE/5-methylcytosines/deoxy,*******************,CTCTGCTCTAGTTTCTTTAA,219.83527714905705,0.0,0.0,0.7713452927142858
MMMMMddddddddddMMMMM,MOE/5-methylcytosines/deoxy,*******************,AAATCTTCTTCTTTATGCTC,0.0,0.0,0.0,0.7564516893571428
MMMMMddddddddddMMMMM,MOE/5-methylcytosines/deoxy,*******************,ATCACCCTCAGTCTTCATTT,7976.245688111315,6735.037086016602,0.0,0.7430959376428572
MMMMMddddddddddMMMMM,MOE/5-methylcytosines/deoxy,*******************,CACTCTTGAACTGAGACAAT,0.0,0.0,0.0,0.7560290867857143
MMMMMddddddddddMMMMM,MOE/5-methylcytosines/deoxy,*******************,CCCAGGCTCCTCGGGGCCAC,21162.947630122453,19617.474855332577,302533129229080.56,0.7286251411428571
MMMMMddddddddddMMMMM,MOE/5-methylcytosines/deoxy,*******************,ATCATCCACAAAATTCAGTA,0.0,0.0,0.0,0.699380621642857
MMMMMddddddddddMMMMM,MOE/5-methylcytosines/deoxy,*******************,GCTGTTGAAGCTGCCTTCCC,14238.793077820363,13096.977725774275,617269529097.4988,0.7540069674285715
MMMMMddddddddddMMMMM,MOE/5-methylcytosines/deoxy,*******************,AATTTGAAGTATTGTTGCCT,0.0,0.0,0.0,0.7449770486428571
MMMMMddddddddddMMMMM,MOE/5-methylcytosines/deoxy,*******************,TGCTGAGTGGCCAGTTCCAC,5294.325826150454,4615.069827954217,0.0,0.7458887142857143
MMMMMddddddddddMMMMM,MOE/5-methylcytosines/deoxy,*******************,ACAAAATTCAGTATATCAGG,0.0,0.0,0.0,0.7327020194285715
MMMMMddddddddddMMMMM,MOE/5-methylcytosines/deoxy,*******************,GGTAAACTCTTTTTCAAATT,0.0,0.0,0.0,0.7564581651428572
MMMMMddddddddddMMMMM,MOE/5-methylcytosines/deoxy,*******************,ATAAGCCAGTAAGCAGTGGG,0.0,0.0,0.0,0.7499124529999998
MMMMMddddddddddMMMMM,MOE/5-methylcytosines/deoxy,*******************,TTGCTCCCTGGAATTCTTAT,16604.635692002656,15857.488600786508,562299034.5413343,0.7582447854999999
MMMMMddddddddddMMMMM,MOE/5-methylcytosines/deoxy,*******************,ACAAGTCTCTCATCTGCAGA,397.8905299856225,161.54661743146377,0.0,0.7334302837857144
MMMMMddddddddddMMMMM,MOE/5-methylcytosines/deoxy,*******************,TGGTTCTGAAGTTATTCAGG,0.0,0.0,0.0,0.7557548201428571
MMMMMddddddddddMMMMM,MOE/5-methylcytosines/deoxy,*******************,TAAGTTCTGAATCATAGACT,0.0,0.0,0.0,0.7296215728571429
MMMMMddddddddddMMMMM,MOE/5-methylcytosines/deoxy,*******************,TCCATCACTCCTGTCTCATC,7075.196516194673,6286.173165820201,1349132017.6504462,0.709608233857143
MMMMMddddddddddMMMMM,MOE/5-methylcytosines/deoxy,*******************,CTTTTAGACACTGTATGACT,0.0,0.0,0.0,0.7436776282142857
MMMMMddddddddddMMMMM,MOE/5-methylcytosines/deoxy,*******************,TGCCTTTTTATCTTCATTTA,0.0,0.0,0.0,0.7607045005714286
MMMMMddddddddddMMMMM,MOE/5-methylcytosines/deoxy,*******************,GTTGGCAACAAAATGTATTC,0.0,0.0,0.0,0.7118526532857145
MMMMMddddddddddMMMMM,MOE/5-methylcytosines/deoxy,*******************,AGACACCTTCTTCACATCAA,2510.4738577474936,2311.4360799175984,0.0,0.772133079142857
MMMMMddddddddddMMMMM,MOE/5-methylcytosines/deoxy,*******************,TTGGTTTCAACCCAAATGGC,862.4093443674121,347.1281468698912,0.0,0.7339264608571429
MMMMMddddddddddMMMMM,MOE/5-methylcytosines/deoxy,*******************,TCTAAAGGTGCTGCTGAGCA,2656.425004545424,2541.2562033011905,2024465250.0289204,0.7398951305714286
MMMMMddddddddddMMMMM,MOE/5-methylcytosines/deoxy,*******************,AGCAACTTGCTAAAGCTTTT,0.0,0.0,0.0,0.7561613863571429
MMMMMddddddddddMMMMM,MOE/5-methylcytosines/deoxy,*******************,CGGACTGCAAGGCCTCCAGC,14880.8942234224,13760.270836938716,3844444994618.9463,0.7296223712857144
MMMMMddddddddddMMMMM,MOE/5-methylcytosines/deoxy,*******************,CACATTGCTCATCACAACCA,0.0,0.0,0.0,0.7394477489285715
MMMMMddddddddddMMMMM,MOE/5-methylcytosines/deoxy,*******************,GTGCTCCACACCATGTTGTA,6641.9936305381325,5197.2185610135275,2801012380.51002,0.7092582362142856
MMMMMddddddddddMMMMM,MOE/5-methylcytosines/deoxy,*******************,TTTCTTGTAAAGTTCTGATG,0.0,0.0,0.0,0.7560617934285715
MMMMMddddddddddMMMMM,MOE/5-methylcytosines/deoxy,*******************,CTTGCCAGCAGGGCTTCAAC,6538.48957748331,5484.910787906633,0.0,0.7117502772857145
MMMMMddddddddddMMMMM,MOE/5-methylcytosines/deoxy,*******************,ATTAGCAATACAAGTTCCAG,0.0,0.0,0.0,0.730268081
MMMMMddddddddddMMMMM,MOE/5-methylcytosines/deoxy,*******************,AAGGTTAAATCCGAAGGTTT,0.0,0.0,0.0,0.719205723
MMMMMddddddddddMMMMM,MOE/5-methylcytosines/deoxy,*******************,TCTCTTCAAACTCTTCTAGT,0.0,0.0,0.0,0.7149803004285714
MMMMMddddddddddMMMMM,MOE/5-methylcytosines/deoxy,*******************,GCACAGGACCACTGAATGGC,1110.1224434612827,861.9256931130844,0.0,0.7540874535714287
MMMMMddddddddddMMMMM,MOE/5-methylcytosines/deoxy,*******************,GACATTGGACTGAGACTCTG,188.3263516119281,356.1536521447928,0.0,0.7443843493571428
MMMMMddddddddddMMMMM,MOE/5-methylcytosines/deoxy,*******************,AGAGCTAAGGTTAAATCCGA,0.0,0.0,0.0,0.7288002035
MMMMMddddddddddMMMMM,MOE/5-methylcytosines/deoxy,*******************,TGAAAGGTTCTGGGCAATTT,1439.200368321293,1222.5168587913251,0.0,0.7533180475
MMMMMddddddddddMMMMM,MOE/5-methylcytosines/deoxy,*******************,TTGATGAGCTGCATACAAGC,383.744606055483,368.19725043377093,0.0,0.7269673595000002
MMMMMddddddddddMMMMM,MOE/5-methylcytosines/deoxy,*******************,TTTTCTTCTGTCGCGGAAGG,2734.500343531547,2348.312766882716,490692883.7639787,0.7535367202142857
MMMMMddddddddddMMMMM,MOE/5-methylcytosines/deoxy,*******************,TTCTCCATCATCTCTAAAGG,396.95972801938564,188.91455698692783,0.0,0.7475587383571428
MMMMMddddddddddMMMMM,MOE/5-methylcytosines/deoxy,*******************,AACTGCACTTTCTGATTTTC,407.345207588158,0.0,0.0,0.7382490245
MMMMMddddddddddMMMMM,MOE/5-methylcytosines/deoxy,*******************,GCTGGTGCCGTTCCATGTTA,8490.672078300491,7299.3737820677625,291258127230.5534,0.7374764001428572
MMMMMddddddddddMMMMM,MOE/5-methylcytosines/deoxy,*******************,AGACACTCGGAGAGACTCCA,824.9236982157206,325.54481776247167,0.0,0.7218631582142857
MMMMMddddddddddMMMMM,MOE/5-methylcytosines/deoxy,*******************,ACAGACACCTTCTTCACATC,2694.918970858173,2490.4372928049,0.0,0.7199401917142857
MMMMMddddddddddMMMMM,MOE/5-methylcytosines/deoxy,*******************,TTACAGAGAGAGCTAAGGTT,0.0,0.0,0.0,0.7305153877142858
MMMMMddddddddddMMMMM,MOE/5-methylcytosines/deoxy,*******************,GAGTGGCCAGTTCCACCTTC,10453.08853738007,9013.540690800008,764356953.4261049,0.7509474688571428
MMMMMddddddddddMMMMM,MOE/5-methylcytosines/deoxy,*******************,CCTTGATCCTCCCAGTAGAC,18967.745315329554,18042.104185673707,4663119949.600025,0.7154984166428572
MMMMMddddddddddMMMMM,MOE/5-methylcytosines/deoxy,*******************,CATGAGGTCTGATCTTTAAC,394.64346754341284,333.80601868682913,0.0,0.7519490236428571
MMMMMddddddddddMMMMM,MOE/5-methylcytosines/deoxy,*******************,TTTGTCCAGCATATCATCCG,342.7571476233711,332.15861916507595,0.0,0.7352431947142856
MMMMMddddddddddMMMMM,MOE/5-methylcytosines/deoxy,*******************,CCCTACAATGCATACCGCAG,191.4573205268356,154.66368117874126,0.0,0.7357212921428571
MMMMMddddddddddMMMMM,MOE/5-methylcytosines/deoxy,*******************,CTTTAAGTTGGATATCCAGG,0.0,0.0,0.0,0.755043463
MMMMMddddddddddMMMMM,MOE/5-methylcytosines/deoxy,*******************,TCAGTAAGAAAGTCTTCCAC,377.6818995703518,161.9445024493928,0.0,0.7289384236428571
MMMMMddddddddddMMMMM,MOE/5-methylcytosines/deoxy,*******************,AATGAATTCCTGAGGTGAGA,5330.102107758956,3953.5152183765695,509378187.0378747,0.7243147566428572
MMMMMddddddddddMMMMM,MOE/5-methylcytosines/deoxy,*******************,TCTTTACAACTTTTTCTTGG,0.0,0.0,0.0,0.7236941374285716
MMMMMddddddddddMMMMM,MOE/5-methylcytosines/deoxy,*******************,AATTCCTTCTCAAGCTGTTG,581.9114293392884,380.89708250285105,0.0,0.7493013142142857
MMMMMddddddddddMMMMM,MOE/5-methylcytosines/deoxy,*******************,ATAATCCAAGCCCTTCATGT,9051.555467346509,8095.392483290433,2623625087.521272,0.7390332766428571
MMMMMddddddddddMMMMM,MOE/5-methylcytosines/deoxy,*******************,TTAACAGCTTGGGTCTCCCT,9503.185963230664,8071.828419689734,5974964020.4873,0.7414405105714287
MMMMMddddddddddMMMMM,MOE/5-methylcytosines/deoxy,*******************,CAACTCACAGGATTGCTGGT,390.08234198131316,171.35158905545634,0.0,0.7483263656428571
MMMMMddddddddddMMMMM,MOE/5-methylcytosines/deoxy,*******************,CGACTGGAGTCCTTGTTGAG,3244.1904571287732,2925.461944899495,0.0,0.7555842570714286
MMMMMddddddddddMMMMM,MOE/5-methylcytosines/deoxy,*******************,TGTCTAATAATAATCCAAGC,0.0,0.0,0.0,0.7127488587857143
MMMMMddddddddddMMMMM,MOE/5-methylcytosines/deoxy,*******************,TCTACATTACACGCTTCCTT,1598.6194599719934,1996.5011818591042,0.0,0.7389608759285713
MMMMMddddddddddMMMMM,MOE/5-methylcytosines/deoxy,*******************,TTCCCGGCAGCCGCGGAGAG,21698.668477565283,20702.14848315791,590922026419376.5,0.7260983140714287
MMMMMddddddddddMMMMM,MOE/5-methylcytosines/deoxy,*******************,GTTTCATCTACTTCCAATAT,166.6013823716573,0.0,0.0,0.7403461699999999
MMMMMddddddddddMMMMM,MOE/5-methylcytosines/deoxy,*******************,GCAATCACTGCTTGCAAATG,0.0,0.0,0.0,0.7341090398571429
MMMMMddddddddddMMMMM,MOE/5-methylcytosines/deoxy,*******************,CTTTCAGAACAGGCCTCTGA,6750.064473742295,5916.728201532158,0.0,0.7338948181428571
MMMMMddddddddddMMMMM,MOE/5-methylcytosines/deoxy,*******************,TGTAAAGTTCTGATGCTTTC,179.4191047147718,0.0,0.0,0.7430205721428571
MMMMMddddddddddMMMMM,MOE/5-methylcytosines/deoxy,*******************,ATCACCATTTCTTTTTTGAT,0.0,0.0,0.0,0.7588711903571428
MMMMMddddddddddMMMMM,MOE/5-methylcytosines/deoxy,*******************,AATTCATTTCTGATGTGAAG,0.0,0.0,0.0,0.7383046925000001
MMMMMddddddddddMMMMM,MOE/5-methylcytosines/deoxy,*******************,TGGTCAAAGACACTCGGAGA,474.43911266933014,154.64387570909088,0.0,0.7273570165
MMMMMddddddddddMMMMM,MOE/5-methylcytosines/deoxy,*******************,GTTGGGGGCCCTTCCTGCGC,20949.64309663257,19711.869409166102,198605559189.78345,0.7201014421428572
MMMMMddddddddddMMMMM,MOE/5-methylcytosines/deoxy,*******************,CTTTACAACTTTTTCTTGGA,0.0,0.0,0.0,0.7310561885
MMMMMddddddddddMMMMM,MOE/5-methylcytosines/deoxy,*******************,CCATGTTAACAGCTTGGGTC,1921.3969712788657,1183.1180294213996,0.0,0.7353881111428571
MMMMMddddddddddMMMMM,MOE/5-methylcytosines/deoxy,*******************,GGCCTCTGAGACATTGGACT,5402.738115139013,4406.614953129011,0.0,0.7436839135714285
MMMMMddddddddddMMMMM,MOE/5-methylcytosines/deoxy,*******************,TTGCAAATGCAGTCTTCAGG,0.0,0.0,0.0,0.7306943318571427
MMMMMddddddddddMMMMM,MOE/5-methylcytosines/deoxy,*******************,GACAATGAATTTAATTGCTC,0.0,0.0,0.0,0.7500975502857143
MMMMMddddddddddMMMMM,MOE/5-methylcytosines/deoxy,*******************,TTCAACCCAAATGGCAGGAT,916.0494851674167,359.31075088252123,0.0,0.7142923229999999
MMMMMddddddddddMMMMM,MOE/5-methylcytosines/deoxy,*******************,CATTCCTGGAAGTGGAGGAG,1793.4488628492995,1872.1716772600112,0.0,0.7547240092857143
MMMMMddddddddddMMMMM,MOE/5-methylcytosines/deoxy,*******************,ACATATTTCTACCAGGAAAT,1075.510046830671,1034.3491060913627,0.0,0.7544261255000001
MMMMMddddddddddMMMMM,MOE/5-methylcytosines/deoxy,*******************,TCCTCACTCATAATTCTTTC,2217.6265942470836,1626.3260517164751,0.0,0.7101969642142858
MMMMMddddddddddMMMMM,MOE/5-methylcytosines/deoxy,*******************,AAAGTTCTAAGAGTTCATTC,0.0,0.0,0.0,0.7314519155714286
MMMMMddddddddddMMMMM,MOE/5-methylcytosines/deoxy,*******************,TTTGGAAAGTTCTCCATCAT,0.0,0.0,0.0,0.7483061094285713
MMMMMddddddddddMMMMM,MOE/5-methylcytosines/deoxy,*******************,CACAGACACCTTCTTCACAT,2689.8230822893283,2485.214506324,0.0,0.7186461518571429
MMMMMddddddddddMMMMM,MOE/5-methylcytosines/deoxy,*******************,TTTTTTCTGTTGCTTTCTAC,368.69117752228203,188.3517446381804,0.0,0.7578550387142856
MMMMMddddddddddMMMMM,MOE/5-methylcytosines/deoxy,*******************,CTTAAAAGCTTGTAGCTCTG,371.6534396547637,190.94486388125165,0.0,0.7217654915
MMMMMddddddddddMMMMM,MOE/5-methylcytosines/deoxy,*******************,TCTTCAAGGCGATGGGATAA,191.33197795368687,181.90170104796988,0.0,0.738800016
MMMMMddddddddddMMMMM,MOE/5-methylcytosines/deoxy,*******************,CTCTTCAATATCTTCCTCTT,1214.4478551414884,823.0925329275058,0.0,0.7317768419999998
MMMMMddddddddddMMMMM,MOE/5-methylcytosines/deoxy,*******************,TATCCAGAAACAGTTTTCAG,0.0,0.0,0.0,0.7280743506428572
MMMMMddddddddddMMMMM,MOE/5-methylcytosines/deoxy,*******************,GATGTCAGGTTTGATGTTGT,166.56170958863183,0.0,0.0,0.7522763173571428
MMMMMddddddddddMMMMM,MOE/5-methylcytosines/deoxy,*******************,TAATGTACTGCATCACCATT,389.38344102565304,378.7385120791633,0.0,0.7273136674285716
MMMMMddddddddddMMMMM,MOE/5-methylcytosines/deoxy,*******************,CCACACCATGTTGTAAACAT,360.7253824603849,184.25978271761522,0.0,0.7746457815714284
MMMMMddddddddddMMMMM,MOE/5-methylcytosines/deoxy,*******************,TCGCTCTGCTAATTCTTTAG,6231.797685022032,5799.833881536363,599159837.4923517,0.7287594556428572
MMMMMddddddddddMMMMM,MOE/5-methylcytosines/deoxy,*******************,GGAGAATTTTGTCCTCCAAG,5980.782679510143,4546.452775157028,3037849146.677479,0.7813021196428572
MMMMMddddddddddMMMMM,MOE/5-methylcytosines/deoxy,*******************,TTTCTTCTGTCGCGGAAGGC,2715.396170236143,2329.7724535428097,490692883.7639787,0.7567506767142856
MMMMMddddddddddMMMMM,MOE/5-methylcytosines/deoxy,*******************,GAATGGCATCCGCATTCCTG,4296.91101113616,3382.497292030199,0.0,0.7048888139285714
MMMMMddddddddddMMMMM,MOE/5-methylcytosines/deoxy,*******************,GGGATCCACGGCTTTGGCCA,9909.655105871101,9524.480271521415,5430140969.277145,0.7301871648571429
MMMMMddddddddddMMMMM,MOE/5-methylcytosines/deoxy,*******************,CAATGCATACCGCAGAGAGA,522.4714031515404,319.52572068606617,0.0,0.719976402642857
MMMMMddddddddddMMMMM,MOE/5-methylcytosines/deoxy,*******************,AGGACCACTGAATGGCATCC,571.7969487133854,724.2492849998014,0.0,0.7286647313571429
MMMMMddddddddddMMMMM,MOE/5-methylcytosines/deoxy,*******************,CATCACAACCACAAACTGCT,0.0,0.0,0.0,0.7005247
MMMMMddddddddddMMMMM,MOE/5-methylcytosines/deoxy,*******************,TGCTTTCTTCCCCTACAATG,17238.18574875609,16268.923331024733,1954271746.4309878,0.7468903776428572
MMMMMddddddddddMMMMM,MOE/5-methylcytosines/deoxy,*******************,TGCAATTGATATTGTAGTGT,0.0,0.0,0.0,0.7722638724285714
MMMMMddddddddddMMMMM,MOE/5-methylcytosines/deoxy,*******************,GGCCCTTCCTGCGCGGCATC,19586.069604899534,18812.567582232416,166870458865440.5,0.7326887582857143
MMMMMddddddddddMMMMM,MOE/5-methylcytosines/deoxy,*******************,TCAATGGCATAGTATCCTAT,0.0,0.0,0.0,0.7135110393571429
MMMMMddddddddddMMMMM,MOE/5-methylcytosines/deoxy,*******************,AATCCAAGCCCTTCATGTCC,9611.552362248713,8717.66084439406,2623625087.521272,0.7193065782142857
MMMMMddddddddddMMMMM,MOE/5-methylcytosines/deoxy,*******************,ATGTTGTTCACCTGCTCTTC,4709.454402695179,4134.322637232849,0.0,0.7442951145714286
MMMMMddddddddddMMMMM,MOE/5-methylcytosines/deoxy,*******************,ATTGATGAGCTGCATACAAG,383.744606055483,368.19725043377093,0.0,0.7386839189285715
MMMMMddddddddddMMMMM,MOE/5-methylcytosines/deoxy,*******************,AGCTGTTGAAGCTGCCTTCC,5300.064190865672,4684.669646978002,599507194120.981,0.7630798972142857
MMMMMddddddddddMMMMM,MOE/5-methylcytosines/deoxy,*******************,GGTTAAATCTAAATCTAGTC,0.0,0.0,0.0,0.7150215724285715
MMMMMddddddddddMMMMM,MOE/5-methylcytosines/deoxy,*******************,GATGTGAAGCCTGAAATCCA,197.91385149759918,196.53422436552148,0.0,0.7170688378571429
MMMMMddddddddddMMMMM,MOE/5-methylcytosines/deoxy,*******************,TTGTAAACATCATATGCTTC,0.0,0.0,0.0,0.7346697468571429
MMMMMddddddddddMMMMM,MOE/5-methylcytosines/deoxy,*******************,TGACAGCCATGATGTCAGGT,828.9309035910687,611.53629628147,0.0,0.7804201109285712
MMMMMddddddddddMMMMM,MOE/5-methylcytosines/deoxy,*******************,TAAGCCAGTAAGCAGTGGGT,0.0,0.0,0.0,0.7392194224285714
MMMMMddddddddddMMMMM,MOE/5-methylcytosines/deoxy,*******************,TTAAATTCATATCTTCCATC,0.0,0.0,0.0,0.7460068455
MMMMMddddddddddMMMMM,MOE/5-methylcytosines/deoxy,*******************,CTACATTACACGCTTCCTTC,1598.6194599719934,1996.5011818591042,0.0,0.7362101649285716
MMMMMddddddddddMMMMM,MOE/5-methylcytosines/deoxy,*******************,CTTGGATTTTTCCACTAATC,548.891360725011,209.49561979952733,0.0,0.7675435421428572
MMMMMddddddddddMMMMM,MOE/5-methylcytosines/deoxy,*******************,TCTGTCGGCTTCTCTTAAGA,2351.6985541553836,1768.571019646141,4558501282.171783,0.7346764584285713
MMMMMddddddddddMMMMM,MOE/5-methylcytosines/deoxy,*******************,AAGTGGAGGTCTCTCTTTCT,764.8381970693565,541.5636868776982,0.0,0.7542235299285714
MMMMMddddddddddMMMMM,MOE/5-methylcytosines/deoxy,*******************,CCACTAATCAGTTTTTCCAA,0.0,0.0,0.0,0.7392665000000002
MMMMMddddddddddMMMMM,MOE/5-methylcytosines/deoxy,*******************,GACCTTATAAAGCTCGTAAT,0.0,0.0,0.0,0.7349269797857142
MMMMMddddddddddMMMMM,MOE/5-methylcytosines/deoxy,*******************,GAGCAATCACTGCTTGCAAA,0.0,0.0,0.0,0.7339682602857144
MMMMMddddddddddMMMMM,MOE/5-methylcytosines/deoxy,*******************,CTCAAGCTGTTGAAGCTGCC,740.7019722887667,175.1875308657815,0.0,0.7564179151428572
MMMMMddddddddddMMMMM,MOE/5-methylcytosines/deoxy,*******************,GTCAAAGACACTCGGAGAGA,488.19551842417945,154.64387570909088,0.0,0.7385192852857143
MMMMMddddddddddMMMMM,MOE/5-methylcytosines/deoxy,*******************,TACAGAGACTTTACTAGCTT,0.0,0.0,0.0,0.7421753590714287
MMMMMddddddddddMMMMM,MOE/5-methylcytosines/deoxy,*******************,CATATTGGGGTGTCTGGGAT,4283.106975346114,3389.577539032537,0.0,0.7347195195714286
MMMMMddddddddddMMMMM,MOE/5-methylcytosines/deoxy,*******************,TCGGCTTCTCTTAAGACTTC,669.1109114823996,800.3440895508459,4558501282.171783,0.7396387747857143
MMMMMddddddddddMMMMM,MOE/5-methylcytosines/deoxy,*******************,GCAGTACTGACAGCCATGAT,1580.612673416864,1075.6765056699487,0.0,0.7445272090714284
MMMMMddddddddddMMMMM,MOE/5-methylcytosines/deoxy,*******************,TTTCTTGGATTTTTCCACTA,548.891360725011,209.49561979952733,0.0,0.7547334841428571
MMMMMddddddddddMMMMM,MOE/5-methylcytosines/deoxy,*******************,AGACTCTGCCGAACATCTTT,5520.470592163236,4703.243462944902,0.0,0.7208655452142857
MMMMMddddddddddMMMMM,MOE/5-methylcytosines/deoxy,*******************,AGGTTCTGGGCAATTTTAGA,1439.200368321293,1222.5168587913251,0.0,0.7410976219285713
MMMMMddddddddddMMMMM,MOE/5-methylcytosines/deoxy,*******************,GGAAATGAAGTAGCGTTGTT,0.0,0.0,0.0,0.7445775289285714
MMMMMddddddddddMMMMM,MOE/5-methylcytosines/deoxy,*******************,ACATTGCTCATCACAACCAC,0.0,0.0,0.0,0.7290134363571427
MMMMMddddddddddMMMMM,MOE/5-methylcytosines/deoxy,*******************,CCAGGCTCCTCGGGGCCACT,19516.69330529799,17808.83899671308,35277328935460.7,0.7323022879285713
MMMMMddddddddddMMMMM,MOE/5-methylcytosines/deoxy,*******************,CATCATATTGGGGTGTCTGG,3044.7983535520398,2413.892293769398,0.0,0.7216386385714285
MMMMMddddddddddMMMMM,MOE/5-methylcytosines/deoxy,*******************,GGCCGTAGTCTCTTCACATT,971.5466581130279,614.9604287972172,899080486.0807346,0.7604677789285714
MMMMMddddddddddMMMMM,MOE/5-methylcytosines/deoxy,*******************,GTTGCCTTATAAAATAATCA,0.0,0.0,0.0,0.7302452629285714
MMMMMddddddddddMMMMM,MOE/5-methylcytosines/deoxy,*******************,TGCTCTAGTTTCTTTAACTG,0.0,0.0,0.0,0.7607648804285713
MMMMMddddddddddMMMMM,MOE/5-methylcytosines/deoxy,*******************,CTACTTCCAATATCATCATT,0.0,0.0,0.0,0.7404348983571429
MMMMMddddddddddMMMMM,MOE/5-methylcytosines/deoxy,*******************,GGCACAGGACCACTGAATGG,1305.1201333788129,1016.0169755062942,0.0,0.7534595972857143
MMMMMddddddddddMMMMM,MOE/5-methylcytosines/deoxy,*******************,GAAGTGGAGGTCTCTCTTTC,764.8381970693565,541.5636868776982,0.0,0.7548266905714286
MMMMMddddddddddMMMMM,MOE/5-methylcytosines/deoxy,*******************,TTTAACCACATCTGTCATCA,894.4573074847308,1026.2803463901878,0.0,0.7174449618571429
MMMMMddddddddddMMMMM,MOE/5-methylcytosines/deoxy,*******************,GTTCACCTGCTCTTCAAACT,4698.9882621114075,4115.999407608132,0.0,0.7538084104285715
MMMMMddddddddddMMMMM,MOE/5-methylcytosines/deoxy,*******************,CCCGAAAAGAGCTCAGGAAG,0.0,0.0,0.0,0.7212292709285714
MMMMMddddddddddMMMMM,MOE/5-methylcytosines/deoxy,*******************,TGATATTCTCCTTTATTGCT,198.58076114530402,199.2874751911352,0.0,0.7423582856428571
MMMMMddddddddddMMMMM,MOE/5-methylcytosines/deoxy,*******************,CCGGAGGCCTTCCACAATAC,13726.07506564594,11911.85115474642,1131289936236.5813,0.7325990482857143
MMMMMddddddddddMMMMM,MOE/5-methylcytosines/deoxy,*******************,CTCTTGATCAGGAAGATGCT,0.0,190.77471594601857,0.0,0.7060237305
MMMMMddddddddddMMMMM,MOE/5-methylcytosines/deoxy,*******************,TTTCATGGTTACAAACTTTC,0.0,0.0,0.0,0.7485130783571429
MMMMMddddddddddMMMMM,MOE/5-methylcytosines/deoxy,*******************,GGAATTCTTATGCTGGCAAA,357.898694152435,184.642792253904,0.0,0.7396001737142857
MMMMMddddddddddMMMMM,MOE/5-methylcytosines/deoxy,*******************,GTATGACTTTATGTTGATTT,0.0,0.0,0.0,0.7587147378571428
MMMMMddddddddddMMMMM,MOE/5-methylcytosines/deoxy,*******************,TCCATGTTAACAGCTTGGGT,1434.142749334626,860.089169659472,0.0,0.7434623722857142
MMMMMddddddddddMMMMM,MOE/5-methylcytosines/deoxy,*******************,ATGCATTTTAAATTTGGCAA,0.0,0.0,0.0,0.7484324237857143
MMMMMddddddddddMMMMM,MOE/5-methylcytosines/deoxy,*******************,ACTTTTTCTTGGATTTTTCC,548.891360725011,209.49561979952733,0.0,0.7503747907142857
MMMMMddddddddddMMMMM,MOE/5-methylcytosines/deoxy,*******************,TTAATCGATTTCTTCTCTTC,187.30373190655382,0.0,0.0,0.7708400665714285
MMMMMddddddddddMMMMM,MOE/5-methylcytosines/deoxy,*******************,TTGGAAAGTTCTCCATCATC,0.0,0.0,0.0,0.7590930032142856
MMMMMddddddddddMMMMM,MOE/5-methylcytosines/deoxy,*******************,GCCAGTTCCACCTTCTTTAG,8742.380191928585,7216.353040395951,764356953.4261049,0.7323940436428572
MMMMMddddddddddMMMMM,MOE/5-methylcytosines/deoxy,*******************,TGCTTTATTAAGTTCTGAAT,0.0,0.0,0.0,0.7319419717857142
MMMMMddddddddddMMMMM,MOE/5-methylcytosines/deoxy,*******************,TTTCCACTAATCAGTTTTTC,0.0,0.0,0.0,0.7241318235000002
MMMMMddddddddddMMMMM,MOE/5-methylcytosines/deoxy,*******************,GATTGAAAGGTTCTGGGCAA,1439.200368321293,1222.5168587913251,0.0,0.7324324788571429
MMMMMddddddddddMMMMM,MOE/5-methylcytosines/deoxy,*******************,TCCCCAGGCTCCTCGGGGCC,23105.150489162872,21692.929993094673,3874567081074672.5,0.7285396134285714
MMMMMddddddddddMMMMM,MOE/5-methylcytosines/deoxy,*******************,GACTCCAGGCATGTGACAAG,8324.995554288784,7663.127267676588,0.0,0.7277668907857142
MMMMMddddddddddMMMMM,MOE/5-methylcytosines/deoxy,*******************,CTTTTTTTGATATTCTCCTT,0.0,0.0,0.0,0.7694917520714285
MMMMMddddddddddMMMMM,MOE/5-methylcytosines/deoxy,*******************,TAGTGAGTCGTATTAATTTC,0.0,0.0,0.0,0.7403445725714286
MMMMMddddddddddMMMMM,MOE/5-methylcytosines/deoxy,*******************,TGCTGGTCAAAGACACTCGG,165.2309015471956,0.0,0.0,0.709822038642857
MMMMMddddddddddMMMMM,MOE/5-methylcytosines/deoxy,*******************,CTAAAGGTGCTGCTGAGCAA,2656.425004545424,2541.2562033011905,2024465250.0289204,0.746413645
MMMMMddddddddddMMMMM,MOE/5-methylcytosines/deoxy,*******************,TTTCTTGCTCCCTGGAATTC,16767.888018270685,16016.007062384275,562299034.5413343,0.7517256391428573
MMMMMddddddddddMMMMM,MOE/5-methylcytosines/deoxy,*******************,TTCCTTCTCAAGCTGTTGAA,581.9114293392884,380.89708250285105,0.0,0.7244152857142857
MMMMMddddddddddMMMMM,MOE/5-methylcytosines/deoxy,*******************,CATTGATGAGCTGCATACAA,601.3248558675673,570.2353505857254,0.0,0.7348989992142858
MMMMMddddddddddMMMMM,MOE/5-methylcytosines/deoxy,*******************,TAAAAGCTTGTAGCTCTGCT,566.0338768799529,190.94486388125165,0.0,0.778872793357143
MMMMMddddddddddMMMMM,MOE/5-methylcytosines/deoxy,*******************,CAAGGCACCAAACTGAGACT,0.0,0.0,0.0,0.7068046677142859
MMMMMddddddddddMMMMM,MOE/5-methylcytosines/deoxy,*******************,ATGGCACCCGAAAAGAGCTC,12402.329643107574,11708.609869489475,3351329605.2432,0.7207867867142859
MMMMMddddddddddMMMMM,MOE/5-methylcytosines/deoxy,*******************,AAAGAGAATAGCACTGAGCC,1914.2030584783372,1384.5230530513584,0.0,0.7226628385714285
MMMMMddddddddddMMMMM,MOE/5-methylcytosines/deoxy,*******************,ATTCTCAAGTTTACAAAGCA,0.0,0.0,0.0,0.7712627822857142
MMMMMddddddddddMMMMM,MOE/5-methylcytosines/deoxy,*******************,GAGGTGGTGGAGGCACAGGA,5979.8453413626985,5410.770250269723,0.0,0.7388780524999998
MMMMMddddddddddMMMMM,MOE/5-methylcytosines/deoxy,*******************,TAGTTTCCCATTAGCAATAC,752.7870161585361,754.3017929428784,0.0,0.7275755291428573
MMMMMddddddddddMMMMM,MOE/5-methylcytosines/deoxy,*******************,GGGAAGTGGAGGTCTCTCTT,1719.4563135095673,1288.4571199268041,0.0,0.7531912037857141
MMMMMddddddddddMMMMM,MOE/5-methylcytosines/deoxy,*******************,TTAAATCCGAAGGTTTGAGC,0.0,0.0,0.0,0.7172715392857142
MMMMMddddddddddMMMMM,MOE/5-methylcytosines/deoxy,*******************,CTCTGCCGAACATCTTTTGG,3242.9813313768764,2836.9959756774547,0.0,0.7177717818571427
MMMMMddddddddddMMMMM,MOE/5-methylcytosines/deoxy,*******************,TCTCTTTTTTTGATATTCTC,0.0,0.0,0.0,0.7582238574285715
MMMMMddddddddddMMMMM,MOE/5-methylcytosines/deoxy,*******************,TGTCACAAACTTGTCATGCA,0.0,0.0,0.0,0.7208245492857144
MMMMMddddddddddMMMMM,MOE/5-methylcytosines/deoxy,*******************,TAGGGAGTCCCAGCGGCTGA,15211.053856226776,13967.4306950117,34498682512.52449,0.7411310332142858
MMMMMddddddddddMMMMM,MOE/5-methylcytosines/deoxy,*******************,CTTCCCCTACAATGCATACC,16604.689424848282,15584.576549414198,1954271746.4309878,0.7365975652857143
MMMMMddddddddddMMMMM,MOE/5-methylcytosines/deoxy,*******************,CACATCAATGGCATAGTATC,0.0,0.0,0.0,0.7194606042857143
MMMMMddddddddddMMMMM,MOE/5-methylcytosines/deoxy,*******************,TTCTCAAGTTTACAAAGCAA,0.0,0.0,0.0,0.7589730819285714
MMMMMddddddddddMMMMM,MOE/5-methylcytosines/deoxy,*******************,TCATCCACAAAATTCAGTAT,0.0,0.0,0.0,0.7039382265
MMMMMddddddddddMMMMM,MOE/5-methylcytosines/deoxy,*******************,AACGTGACCCTTCTGTCAAC,8736.1110913257,7799.623634822853,5971589425.016611,0.7258541432142859
MMMMMddddddddddMMMMM,MOE/5-methylcytosines/deoxy,*******************,TGTCTAAAGGTTCCAAATCA,0.0,0.0,0.0,0.7254956455714286
MMMMMddddddddddMMMMM,MOE/5-methylcytosines/deoxy,*******************,ACCCTCAGTCTTCATTTCTA,3281.183986453774,2774.813684042962,0.0,0.7461910134285714
MMMMMddddddddddMMMMM,MOE/5-methylcytosines/deoxy,*******************,TCTGGGCAATTTTAGAATCT,0.0,0.0,0.0,0.7461955434285714
MMMMMddddddddddMMMMM,MOE/5-methylcytosines/deoxy,*******************,GATTTTCATGGTTACAAACT,0.0,0.0,0.0,0.7594423185714286
MMMMMddddddddddMMMMM,MOE/5-methylcytosines/deoxy,*******************,TAATTCTTTCCAAGCCATAC,705.2497509247621,177.34515671939042,0.0,0.7372526468571429
MMMMMddddddddddMMMMM,MOE/5-methylcytosines/deoxy,*******************,ATCAGTTTTTCCAAAATGTC,0.0,0.0,0.0,0.7571375200714286
MMMMMddddddddddMMMMM,MOE/5-methylcytosines/deoxy,*******************,CCTTCCCATCTGCCTCAAAT,16351.968029656917,14731.826835549284,11578872993.064363,0.7311347334999999
MMMMMddddddddddMMMMM,MOE/5-methylcytosines/deoxy,*******************,TACAACTTTTTCTTGGATTT,0.0,0.0,0.0,0.7737242123571428
MMMMMddddddddddMMMMM,MOE/5-methylcytosines/deoxy,*******************,ATGGCAGGATTGGTAGAGGA,178.31248842854637,176.38400921379323,0.0,0.7384324902142857
MMMMMddddddddddMMMMM,MOE/5-methylcytosines/deoxy,*******************,TATCCAGGCCATCATTCTTA,11583.637491029787,10405.228406650787,399288513.56654423,0.7301770234285715
MMMMMddddddddddMMMMM,MOE/5-methylcytosines/deoxy,*******************,TAATTTGAAGTATTGTTGCC,0.0,0.0,0.0,0.7445775289285714
MMMMMddddddddddMMMMM,MOE/5-methylcytosines/deoxy,*******************,AATTTTTTTTTCTTCACCAG,1675.8301453223921,1430.0147486446058,0.0,0.7708481000714286
MMMMMddddddddddMMMMM,MOE/5-methylcytosines/deoxy,*******************,GGAGAGACTCCAGGCATGTG,8524.579788611634,7672.107022729592,0.0,0.7103398670000001
MMMMMddddddddddMMMMM,MOE/5-methylcytosines/deoxy,*******************,ACCCAAATGGCAGGATTGGT,1094.361973595963,535.6947600963144,0.0,0.7188405182142856
MMMMMddddddddddMMMMM,MOE/5-methylcytosines/deoxy,*******************,TAATCATTTCGAATCAGCAA,0.0,0.0,0.0,0.741700785
MMMMMddddddddddMMMMM,MOE/5-methylcytosines/deoxy,*******************,AAGATGCTTTATTAAGTTCT,0.0,0.0,0.0,0.7507384710714284
MMMMMddddddddddMMMMM,MOE/5-methylcytosines/deoxy,*******************,AATCCGAAGGTTTGAGCATT,0.0,0.0,0.0,0.7273928460714286
MMMMMddddddddddMMMMM,MOE/5-methylcytosines/deoxy,*******************,CATTCTGATTTCCTCATATG,422.97704718197826,176.5558257401848,0.0,0.7694424361428572
MMMMMddddddddddMMMMM,MOE/5-methylcytosines/deoxy,*******************,GTCAATTTTTTTTTCTTCAC,0.0,0.0,0.0,0.7718302648571428
MMMMMddddddddddMMMMM,MOE/5-methylcytosines/deoxy,*******************,ACATTGGACTGAGACTCTGC,376.8913881104452,361.98684728338327,0.0,0.7353114195714286
MMMMMddddddddddMMMMM,MOE/5-methylcytosines/deoxy,*******************,TGAATGTGGTTCTGAAGTTA,728.0026347966943,546.82436575271,0.0,0.7632055598571428
MMMMMddddddddddMMMMM,MOE/5-methylcytosines/deoxy,*******************,TACAGAGAGAGCTAAGGTTA,0.0,0.0,0.0,0.7351739800714286
MMMMMddddddddddMMMMM,MOE/5-methylcytosines/deoxy,*******************,GTTTCTACAGAGACTTTACT,0.0,0.0,0.0,0.7004024514285715
MMMMMddddddddddMMMMM,MOE/5-methylcytosines/deoxy,*******************,GCTGCTGAGCAATCACTGCT,0.0,163.59478098442818,0.0,0.731366510357143
MMMMMddddddddddMMMMM,MOE/5-methylcytosines/deoxy,*******************,AGGTTTAAATTCTTTCTTTG,0.0,0.0,0.0,0.7192297367142857
MMMMMddddddddddMMMMM,MOE/5-methylcytosines/deoxy,*******************,TTCTTTGGTTTCAACCCAAA,176.11742325682295,0.0,0.0,0.7613828505000001
MMMMMddddddddddMMMMM,MOE/5-methylcytosines/deoxy,*******************,TTACAACTTTTTCTTGGATT,0.0,0.0,0.0,0.7672056979285715
MMMMMddddddddddMMMMM,MOE/5-methylcytosines/deoxy,*******************,CTCATCACCCTCAGTCTTCA,8966.664172787083,7697.2587077145545,0.0,0.6920853033571428
MMMMMddddddddddMMMMM,MOE/5-methylcytosines/deoxy,*******************,TTTTGATACTGAAGTCCTTT,0.0,0.0,0.0,0.7284659395714286
MMMMMddddddddddMMMMM,MOE/5-methylcytosines/deoxy,*******************,GCTCATCAAAGACTTTAAGT,0.0,0.0,0.0,0.736015072857143
MMMMMddddddddddMMMMM,MOE/5-methylcytosines/deoxy,*******************,GGCGTTCGAGTCTTTCTCGC,1036.5675097024978,833.5191610541191,1243951000.1720843,0.7569043527142858
MMMMMddddddddddMMMMM,MOE/5-methylcytosines/deoxy,*******************,AGTCTCTCATCTGCAGACCC,4470.028031605197,3478.9855153483927,0.0,0.7317339245714286
MMMMMddddddddddMMMMM,MOE/5-methylcytosines/deoxy,*******************,TCACAACCACAAACTGCTCA,0.0,0.0,0.0,0.7016716758571429
MMMMMddddddddddMMMMM,MOE/5-methylcytosines/deoxy,*******************,TGCTGAGCAATCACTGCTTG,0.0,0.0,0.0,0.7259271213571429
MMMMMddddddddddMMMMM,MOE/5-methylcytosines/deoxy,*******************,TAACCACATCTGTCATCATA,894.4573074847308,1026.2803463901878,0.0,0.7125302282857142
MMMMMddddddddddMMMMM,MOE/5-methylcytosines/deoxy,*******************,GGGTCTCCCTATAGTGAGTC,8791.368603777059,7383.364282488066,5974964020.4873,0.7198348500714286
MMMMMddddddddddMMMMM,MOE/5-methylcytosines/deoxy,*******************,CTACTTGCAGTTGAACTGAA,0.0,0.0,0.0,0.7360284433571428
MMMMMddddddddddMMMMM,MOE/5-methylcytosines/deoxy,*******************,GGGGGCCCTTCCTGCGCGGC,21417.501913089753,20598.66504132698,993600799754495.5,0.7365645357857142
MMMMMddddddddddMMMMM,MOE/5-methylcytosines/deoxy,*******************,GATCCACGGCTTTGGCCAAT,9526.1989360595,9224.770797655641,5430140969.277145,0.7363830805714285
MMMMMddddddddddMMMMM,MOE/5-methylcytosines/deoxy,*******************,GCAGGATTGGTAGAGGAGGA,179.54758428612425,184.01868157420623,0.0,0.746540495857143
MMMMMddddddddddMMMMM,MOE/5-methylcytosines/deoxy,*******************,AATATTACAATCAGCTGGCA,1184.2432553318708,954.3409681072998,0.0,0.7029974898571429
MMMMMddddddddddMMMMM,MOE/5-methylcytosines/deoxy,*******************,AAGTTCTGAATCATAGACTC,0.0,0.0,0.0,0.7274878315714286
MMMMMddddddddddMMMMM,MOE/5-methylcytosines/deoxy,*******************,GTGTTGGGGGCCCTTCCTGC,19875.4244116231,18781.67951242367,113872295010.68367,0.7234676623571429
MMMMMddddddddddMMMMM,MOE/5-methylcytosines/deoxy,*******************,TTTTCTTGGATTTTTCCACT,548.891360725011,209.49561979952733,0.0,0.7545592859285714
MMMMMddddddddddMMMMM,MOE/5-methylcytosines/deoxy,*******************,TACTTTTATCCAGAAACAGT,0.0,0.0,0.0,0.7326415205
MMMMMddddddddddMMMMM,MOE/5-methylcytosines/deoxy,*******************,TCTGAGACATTGGACTGAGA,0.0,0.0,0.0,0.710948724142857
MMMMMddddddddddMMMMM,MOE/5-methylcytosines/deoxy,*******************,CTATATTCACTCTTGAACTG,0.0,0.0,0.0,0.7354639953571428
MMMMMddddddddddMMMMM,MOE/5-methylcytosines/deoxy,*******************,TTCTTCTCTTCAATATCTTC,0.0,0.0,0.0,0.7451741508571429
MMMMMddddddddddMMMMM,MOE/5-methylcytosines/deoxy,*******************,TTCGAGTCTTTCTCGCTCTG,7511.636422485317,7037.9835557040005,599159837.4923517,0.7584426274285713
MMMMMddddddddddMMMMM,MOE/5-methylcytosines/deoxy,*******************,TCTTCTCTTCTCTCTTTTTG,355.0070559398282,356.88823883837756,0.0,0.7542484662857144
MMMMMddddddddddMMMMM,MOE/5-methylcytosines/deoxy,*******************,TTGAAAGGTTCTGGGCAATT,1439.200368321293,1222.5168587913251,0.0,0.7513345568571429
MMMMMddddddddddMMMMM,MOE/5-methylcytosines/deoxy,*******************,GGCCTCCAGCAGATTATCCA,14560.966341753963,13422.652248854094,899080486.0807346,0.7136381518571427
MMMMMddddddddddMMMMM,MOE/5-methylcytosines/deoxy,*******************,CTGCTTGAAGCTCATTAATC,0.0,0.0,0.0,0.7502174715714286
MMMMMddddddddddMMMMM,MOE/5-methylcytosines/deoxy,*******************,TATTACAATCAGCTGGCAAG,1358.417164662524,1295.8498369322972,0.0,0.708294946
MMMMMddddddddddMMMMM,MOE/5-methylcytosines/deoxy,*******************,TTTCCCATTAGCAATACAAG,183.02315189286443,183.252490321221,0.0,0.723022970642857
MMMMMddddddddddMMMMM,MOE/5-methylcytosines/deoxy,*******************,GGGAGTGGCACCTTCCAGGG,11047.025534335464,10715.995942243513,764356953.4261049,0.7482348508571429
MMMMMddddddddddMMMMM,MOE/5-methylcytosines/deoxy,*******************,GTTGCAATTGATATTGTAGT,0.0,0.0,0.0,0.7552770771428571
MMMMMddddddddddMMMMM,MOE/5-methylcytosines/deoxy,*******************,CAGGATTGGTAGAGGAGGAG,179.54758428612425,184.01868157420623,0.0,0.7530590102857142
MMMMMddddddddddMMMMM,MOE/5-methylcytosines/deoxy,*******************,ACAGGCCTCTGAGACATTGG,7451.0531748916155,6399.440506805995,0.0,0.7342967005
MMMMMddddddddddMMMMM,MOE/5-methylcytosines/deoxy,*******************,CAATCACTGCTTGCAAATGC,0.0,0.0,0.0,0.7265521204999998
MMMMMddddddddddMMMMM,MOE/5-methylcytosines/deoxy,*******************,ATACAAGCTACTTGCAGTTG,0.0,0.0,0.0,0.7389388125714286
MMMMMddddddddddMMMMM,MOE/5-methylcytosines/deoxy,*******************,GCAAGGCACCAAACTGAGAC,549.5945466508175,172.83879583933822,0.0,0.7021833537857143
MMMMMddddddddddMMMMM,MOE/5-methylcytosines/deoxy,*******************,TTAGGTGACCTTATAAAGCT,359.7597530885291,162.001375296472,0.0,0.7555087476428571
MMMMMddddddddddMMMMM,MOE/5-methylcytosines/deoxy,*******************,ATGAATTTAATTGCTCTTGA,0.0,0.0,0.0,0.7446604231428572
MMMMMddddddddddMMMMM,MOE/5-methylcytosines/deoxy,*******************,CATGTGACAAGTCTCTCATC,0.0,0.0,0.0,0.762022353
MMMMMddddddddddMMMMM,MOE/5-methylcytosines/deoxy,*******************,CATCATTCTTAATGCATTTT,0.0,0.0,0.0,0.7465213375714285
MMMMMddddddddddMMMMM,MOE/5-methylcytosines/deoxy,*******************,ATCTTCCATCATTTTTTCAA,0.0,0.0,0.0,0.7411097305714284
MMMMMddddddddddMMMMM,MOE/5-methylcytosines/deoxy,*******************,TGAGTTGCAATTGATATTGT,0.0,0.0,0.0,0.7366046140714287
MMMMMddddddddddMMMMM,MOE/5-methylcytosines/deoxy,*******************,CCATGTTGTAAACATCATAT,0.0,0.0,0.0,0.7770173662142857
MMMMMddddddddddMMMMM,MOE/5-methylcytosines/deoxy,*******************,CGATGGGATAACTCAAACAA,0.0,0.0,0.0,0.7538393989285714
MMMMMddddddddddMMMMM,MOE/5-methylcytosines/deoxy,*******************,ATGCTCATCAAAGACTTTAA,0.0,0.0,0.0,0.7139302267142857
MMMMMddddddddddMMMMM,MOE/5-methylcytosines/deoxy,*******************,GTAGGGAGTCCCAGCGGCTG,15165.194218898665,13935.203003825485,34498682512.52449,0.7383215919285714
MMMMMddddddddddMMMMM,MOE/5-methylcytosines/deoxy,*******************,TGCAAGGCCTCCAGCAGATT,14869.486308995522,13679.790110227428,899080486.0807346,0.7340757967857144
MMMMMddddddddddMMMMM,MOE/5-methylcytosines/deoxy,*******************,ATTTCATGAGGTCTGATCTT,414.78163165566116,351.3472251667647,0.0,0.7585251022142857
MMMMMddddddddddMMMMM,MOE/5-methylcytosines/deoxy,*******************,TTTAGACACTGTATGACTTT,191.538276976151,193.46909211244966,0.0,0.7423833796428572
MMMMMddddddddddMMMMM,MOE/5-methylcytosines/deoxy,*******************,CAAATCCACGTTTTCATACT,0.0,0.0,0.0,0.7737717160714285
MMMMMddddddddddMMMMM,MOE/5-methylcytosines/deoxy,*******************,AAAGCTTTCCACCCAACTCA,17183.241001017603,16367.124387546322,2326983114.6728487,0.7566417269285715
MMMMMddddddddddMMMMM,MOE/5-methylcytosines/deoxy,*******************,AAAATTCAGTATATCAGGGT,0.0,0.0,0.0,0.7450963395
MMMMMddddddddddMMMMM,MOE/5-methylcytosines/deoxy,*******************,TGAGACTTAAAAGCTTGTAG,0.0,0.0,0.0,0.7391095507142857
MMMMMddddddddddMMMMM,MOE/5-methylcytosines/deoxy,*******************,ATATTACAATCAGCTGGCAA,1184.2432553318708,954.3409681072998,0.0,0.7018582335000001
MMMMMddddddddddMMMMM,MOE/5-methylcytosines/deoxy,*******************,CTAATAATAATCCAAGCCCT,6098.055798742005,5470.921608596423,2024465250.0289204,0.7209741499285715
MMMMMddddddddddMMMMM,MOE/5-methylcytosines/deoxy,*******************,AGTTTCCCATTAGCAATACA,752.7870161585361,754.3017929428784,0.0,0.7362950169285714
MMMMMddddddddddMMMMM,MOE/5-methylcytosines/deoxy,*******************,CATTAGCAATACAAGTTCCA,0.0,0.0,0.0,0.728461203857143
MMMMMddddddddddMMMMM,MOE/5-methylcytosines/deoxy,*******************,TTCTTTTGCACTGATAACAA,0.0,0.0,0.0,0.7352764719999999
MMMMMddddddddddMMMMM,MOE/5-methylcytosines/deoxy,*******************,TGGCAACAAAATGTATTCTC,0.0,0.0,0.0,0.6998721962857142
MMMMMddddddddddMMMMM,MOE/5-methylcytosines/deoxy,*******************,AAGTGCTGAGTGGCCAGTTC,3755.897494699573,3390.117037784797,0.0,0.746167049357143
MMMMMddddddddddMMMMM,MOE/5-methylcytosines/deoxy,*******************,AGGGAGTCCCAGCGGCTGAG,15412.84488620858,14188.771656358864,34498682512.52449,0.7158299116428573
MMMMMddddddddddMMMMM,MOE/5-methylcytosines/deoxy,*******************,CAGTTTTTCCAAAATGTCTA,0.0,0.0,0.0,0.7379629833571429
MMMMMddddddddddMMMMM,MOE/5-methylcytosines/deoxy,*******************,CATTGGACTGAGACTCTGCC,4091.841815052195,3309.053313066528,0.0,0.7161706092857142
MMMMMddddddddddMMMMM,MOE/5-methylcytosines/deoxy,*******************,AGGCACCAAACTGAGACTTA,0.0,0.0,0.0,0.6932936725714285
MMMMMddddddddddMMMMM,MOE/5-methylcytosines/deoxy,*******************,GAGGCACAGGACCACTGAAT,2193.960592386901,1729.6649300495774,0.0,0.7604485502142859
MMMMMddddddddddMMMMM,MOE/5-methylcytosines/deoxy,*******************,GCTTTCTTCCCCTACAATGC,17177.968319183365,16210.642985091115,1954271746.4309878,0.7378174478571429
MMMMMddddddddddMMMMM,MOE/5-methylcytosines/deoxy,*******************,TAATTGCTCTTGATCAGGAA,402.46699787015905,381.1673314460048,0.0,0.7398894085
MMMMMddddddddddMMMMM,MOE/5-methylcytosines/deoxy,*******************,ACAAAGCAAATCCACGTTTT,0.0,0.0,0.0,0.7264485716428571
MMMMMddddddddddMMMMM,MOE/5-methylcytosines/deoxy,*******************,TTCACATCAATGGCATAGTA,0.0,0.0,0.0,0.7085773596428571
MMMMMddddddddddMMMMM,MOE/5-methylcytosines/deoxy,*******************,AAAAGCTTGTAGCTCTGCTT,566.0338768799529,190.94486388125165,0.0,0.7782696327142856
MMMMMddddddddddMMMMM,MOE/5-methylcytosines/deoxy,*******************,ACTCTGCCGAACATCTTTTG,5418.822723828394,4604.026247961151,0.0,0.7204834084285714
MMMMMddddddddddMMMMM,MOE/5-methylcytosines/deoxy,*******************,GAAATGAAGTAGCGTTGTTT,0.0,0.0,0.0,0.7449770486428571
MMMMMddddddddddMMMMM,MOE/5-methylcytosines/deoxy,*******************,GTATTCTCAAGTTTACAAAG,0.0,0.0,0.0,0.7602888722857143
MMMMMddddddddddMMMMM,MOE/5-methylcytosines/deoxy,*******************,GGAGGCCTTCCACAATACAA,10019.180947283452,9279.937946079082,4558501282.171783,0.7218227073571428
MMMMMddddddddddMMMMM,MOE/5-methylcytosines/deoxy,*******************,TCAACCCAAATGGCAGGATT,916.0494851674167,359.31075088252123,0.0,0.7067354036428571
MMMMMddddddddddMMMMM,MOE/5-methylcytosines/deoxy,*******************,AGACATTGGACTGAGACTCT,188.3263516119281,185.71804698589804,0.0,0.746518090642857
MMMMMddddddddddMMMMM,MOE/5-methylcytosines/deoxy,*******************,CGCAGGCAGTACTGACAGCC,2022.9203554818164,1697.149850646184,0.0,0.7309657987857142
MMMMMddddddddddMMMMM,MOE/5-methylcytosines/deoxy,*******************,ACTGGGTTAAATCTAAATCT,0.0,0.0,0.0,0.7366488882142858
MMMMMddddddddddMMMMM,MOE/5-methylcytosines/deoxy,*******************,CATGATGTCAGGTTTGATGT,346.8256157490281,183.36568181130636,0.0,0.7667500962142858
MMMMMddddddddddMMMMM,MOE/5-methylcytosines/deoxy,*******************,ACTCGGAGAGACTCCAGGCA,6867.592607181859,5874.397616554444,0.0,0.7354054091428572
MMMMMddddddddddMMMMM,MOE/5-methylcytosines/deoxy,*******************,AGTTGCAATTGATATTGTAG,0.0,0.0,0.0,0.7536486958571428
MMMMMddddddddddMMMMM,MOE/5-methylcytosines/deoxy,*******************,ATGGTTACAAACTTTCAGAA,0.0,0.0,0.0,0.7074863236428571
MMMMMddddddddddMMMMM,MOE/5-methylcytosines/deoxy,*******************,TTTTAGACACTGTATGACTT,0.0,0.0,0.0,0.7071911804285715
MMMMMddddddddddMMMMM,MOE/5-methylcytosines/deoxy,*******************,ATATGTGAAGTCTGGATCCA,1443.1157507555304,802.9285447193888,0.0,0.7606939327142859
MMMMMddddddddddMMMMM,MOE/5-methylcytosines/deoxy,*******************,TTGTAAAGTTCTGATGCTTT,0.0,0.0,0.0,0.7442418669285714
MMMMMddddddddddMMMMM,MOE/5-methylcytosines/deoxy,*******************,GGTCTCCCTATAGTGAGTCG,6995.4178635937205,5573.260214482504,4558501282.171783,0.7301759220714285
MMMMMddddddddddMMMMM,MOE/5-methylcytosines/deoxy,*******************,TCCACCCAACTCACAGGATT,16890.85545056768,16249.485042206597,2326983114.6728487,0.7215695432857144
MMMMMddddddddddMMMMM,MOE/5-methylcytosines/deoxy,*******************,CTTGCTCCCTGGAATTCTTA,16677.67667240546,15917.622642182529,562299034.5413343,0.7332635595000001
MMMMMddddddddddMMMMM,MOE/5-methylcytosines/deoxy,*******************,ACTCTTTTTCAAATTTCTTG,0.0,0.0,0.0,0.7474458302142858
MMMMMddddddddddMMMMM,MOE/5-methylcytosines/deoxy,*******************,TGGCGTTCGAGTCTTTCTCG,1039.3899262707835,833.8902863759686,1243951000.1720843,0.758125411
MMMMMddddddddddMMMMM,MOE/5-methylcytosines/deoxy,*******************,AAATGTCTACAAACTGGGTT,0.0,0.0,0.0,0.7196951172142857
MMMMMddddddddddMMMMM,MOE/5-methylcytosines/deoxy,*******************,TTCTTTAGCTATTCTGACAC,199.71916589688925,189.2263951080039,0.0,0.7310265505
MMMMMddddddddddMMMMM,MOE/5-methylcytosines/deoxy,*******************,CACACTCATCAATTAATTTG,0.0,0.0,0.0,0.7159407447857141
MMMMMddddddddddMMMMM,MOE/5-methylcytosines/deoxy,*******************,ATTATAATTAAGCTCCTTGG,6007.982848061634,5580.401239596582,649821190.978864,0.7323615194285713
MMMMMddddddddddMMMMM,MOE/5-methylcytosines/deoxy,*******************,TTACAAAGCAAATCCACGTT,0.0,0.0,0.0,0.7107861548571428
MMMMMddddddddddMMMMM,MOE/5-methylcytosines/deoxy,*******************,GCGGCACCCCTCCACCAGAA,21744.937958735274,20618.296487371557,3.38338969313263e+16,0.717658664357143
MMMMMddddddddddMMMMM,MOE/5-methylcytosines/deoxy,*******************,CCAGGGTCAAGGAAGGCACG,3562.935102109228,2729.478793228106,0.0,0.725313618857143
MMMMMddddddddddMMMMM,MOE/5-methylcytosines/deoxy,*******************,TTCCCATCTGCCTCAAATTC,12414.306957326377,11169.047439147995,0.0,0.7159670368571429
MMMMMddddddddddMMMMM,MOE/5-methylcytosines/deoxy,*******************,TTGTCACAAACTTGTCATGC,0.0,0.0,0.0,0.7116396354285716
MMMMMddddddddddMMMMM,MOE/5-methylcytosines/deoxy,*******************,CATATGCTTCATCAAGTTCA,0.0,0.0,0.0,0.7354588462857141
MMMMMddddddddddMMMMM,MOE/5-methylcytosines/deoxy,*******************,GTTAACAGCTTGGGTCTCCC,8487.654968910376,7018.470234432229,5974964020.4873,0.7242945924285714
MMMMMddddddddddMMMMM,MOE/5-methylcytosines/deoxy,*******************,AGCTGGCAAGGCACCAAACT,2080.232558576551,1405.2578706072354,0.0,0.7398772810714285
MMMMMddddddddddMMMMM,MOE/5-methylcytosines/deoxy,*******************,TCAGCTCTAATATCTTCAAG,0.0,0.0,0.0,0.7302789392857142
MMMMMddddddddddMMMMM,MOE/5-methylcytosines/deoxy,*******************,CAATTGATATTGTAGTGTGA,0.0,0.0,0.0,0.723344078142857
MMMMMddddddddddMMMMM,MOE/5-methylcytosines/deoxy,*******************,TCTTGATCAGGAAGATGCTT,0.0,0.0,0.0,0.7456813205714286
MMMMMddddddddddMMMMM,MOE/5-methylcytosines/deoxy,*******************,TGCCGAACATCTTTTGGCAT,0.0,0.0,0.0,0.7431607069285714
MMMMMddddddddddMMMMM,MOE/5-methylcytosines/deoxy,*******************,CAGCGGCTGAGCCTTGGGCC,11739.889138915498,10421.570822393656,2024465250.0289204,0.7365200284285713
MMMMMddddddddddMMMMM,MOE/5-methylcytosines/deoxy,*******************,TTGAAGCTCATTAATCTTTG,0.0,0.0,0.0,0.7219632032142858
MMMMMddddddddddMMMMM,MOE/5-methylcytosines/deoxy,*******************,AGATTGAAAGGTTCTGGGCA,1439.200368321293,1222.5168587913251,0.0,0.7397609350000002
MMMMMddddddddddMMMMM,MOE/5-methylcytosines/deoxy,*******************,CAAGTCTCTCATCTGCAGAC,403.4107969916955,161.54661743146377,0.0,0.7328932122857142
MMMMMddddddddddMMMMM,MOE/5-methylcytosines/deoxy,*******************,CTTCTTTAGAGGGAGGCAAA,1066.2578376868871,866.6457856291536,0.0,0.7292012869285713
MMMMMddddddddddMMMMM,MOE/5-methylcytosines/deoxy,*******************,AAATGCAGTCTTCAGGTTGG,362.9286043087234,165.9953932267534,0.0,0.7481062961428572
MMMMMddddddddddMMMMM,MOE/5-methylcytosines/deoxy,*******************,GGTTTCAACCCAAATGGCAG,906.8083074778713,359.31075088252123,0.0,0.6892142908571428
MMMMMddddddddddMMMMM,MOE/5-methylcytosines/deoxy,*******************,GGGTGTTGGGGGCCCTTCCT,18985.38732031302,17982.149090413397,2594534044229.6963,0.7380990137857143
MMMMMddddddddddMMMMM,MOE/5-methylcytosines/deoxy,*******************,TCCCATCTGCCTCAAATTCT,12309.661949434187,11090.43499152397,0.0,0.7171411554285714
MMMMMddddddddddMMMMM,MOE/5-methylcytosines/deoxy,*******************,CTTTCTACATTACACGCTTC,0.0,0.0,0.0,0.7478972109285714
MMMMMddddddddddMMMMM,MOE/5-methylcytosines/deoxy,*******************,TCCAAGGAATCCCAGGGGAG,14662.816550937932,13864.545559797492,625984076.7556325,0.7393447212142857
MMMMMddddddddddMMMMM,MOE/5-methylcytosines/deoxy,*******************,TGCTTCTCTTTTTTTGATAT,0.0,0.0,0.0,0.7688818745714284
MMMMMddddddddddMMMMM,MOE/5-methylcytosines/deoxy,*******************,CAATCAGCTGGCAAGGCACC,2985.8840203654854,2422.3243883253353,0.0,0.7364930515000001
MMMMMddddddddddMMMMM,MOE/5-methylcytosines/deoxy,*******************,TGACTTTATGTTGATTTTTC,0.0,0.0,0.0,0.7689368097857142
MMMMMddddddddddMMMMM,MOE/5-methylcytosines/deoxy,*******************,GGCAAGGCACCAAACTGAGA,579.7931719207564,172.83879583933822,0.0,0.7065751759285713
MMMMMddddddddddMMMMM,MOE/5-methylcytosines/deoxy,*******************,ATTCTTTCCAAGCCATACTG,705.2497509247621,177.34515671939042,0.0,0.7152090500714285
MMMMMddddddddddMMMMM,MOE/5-methylcytosines/deoxy,*******************,TCCTATTATACTCTGGTATA,0.0,0.0,0.0,0.736919613142857
MMMMMddddddddddMMMMM,MOE/5-methylcytosines/deoxy,*******************,ACAATGAATTTAATTGCTCT,0.0,0.0,0.0,0.7381437877142857
MMMMMddddddddddMMMMM,MOE/5-methylcytosines/deoxy,*******************,GAAGATTGAAAGGTTCTGGG,703.1694143827366,519.3193371682278,0.0,0.7566437631428572
MMMMMddddddddddMMMMM,MOE/5-methylcytosines/deoxy,*******************,AAACAGTTTTCAGTCATTTC,0.0,0.0,0.0,0.7629835208571427
MMMMMddddddddddMMMMM,MOE/5-methylcytosines/deoxy,*******************,CACCCGAAAAGAGCTCAGGA,10096.524761235485,9617.879136110032,551266177.3015447,0.7129710064285716
MMMMMddddddddddMMMMM,MOE/5-methylcytosines/deoxy,*******************,TCAAGCTGTTGAAGCTGCCT,740.7019722887667,392.66333320936485,0.0,0.7656267572857142
MMMMMddddddddddMMMMM,MOE/5-methylcytosines/deoxy,*******************,AAAGCTTGTAGCTCTGCTTG,936.8192597656436,559.8690978418366,0.0,0.7656613194285714
MMMMMddddddddddMMMMM,MOE/5-methylcytosines/deoxy,*******************,TTGAGTTGCAATTGATATTG,0.0,0.0,0.0,0.7438761147857144
MMMMMddddddddddMMMMM,MOE/5-methylcytosines/deoxy,*******************,TTGAAGCTGCCTTCCCATCT,14778.138874902135,13327.739564067402,683660783160.2563,0.744232419
MMMMMddddddddddMMMMM,MOE/5-methylcytosines/deoxy,*******************,TGAATTCCTGAGGTGAGATC,5518.37493131725,4135.63267532828,509378187.0378747,0.7377179268571428
MMMMMddddddddddMMMMM,MOE/5-methylcytosines/deoxy,*******************,TTAATCTTTGCCTCTTTTTT,3661.4458390158434,2358.317359255112,0.0,0.7571092532857142
MMMMMddddddddddMMMMM,MOE/5-methylcytosines/deoxy,*******************,CTTCAGGTTGGGAAGTGGAG,2181.8903844803112,1881.6345022038408,0.0,0.7431721964285715
MMMMMddddddddddMMMMM,MOE/5-methylcytosines/deoxy,*******************,AGTCCCAGCGGCTGAGCCTT,15835.037147056324,14595.613521196236,34498682512.52449,0.7134736906428572
MMMMMddddddddddMMMMM,MOE/5-methylcytosines/deoxy,*******************,TCATATTGGGGTGTCTGGGA,4283.106975346114,3389.577539032537,0.0,0.7359405778571428
MMMMMddddddddddMMMMM,MOE/5-methylcytosines/deoxy,*******************,GGCTGAGCCTTGGGCCGGGT,18671.3873001853,17857.043252600008,751122583551.7972,0.7251745792142856
MMMMMddddddddddMMMMM,MOE/5-methylcytosines/deoxy,*******************,CCAGCGGCTGAGCCTTGGGC,11373.536114701858,10049.111425852378,288590556.07029593,0.7347131512857141
MMMMMddddddddddMMMMM,MOE/5-methylcytosines/deoxy,*******************,AGCAATCACTGCTTGCAAAT,0.0,0.0,0.0,0.7327469655
MMMMMddddddddddMMMMM,MOE/5-methylcytosines/deoxy,*******************,TTGATCCTCCCAGTAGACGT,18321.27680002138,17506.62362022381,4663119949.600025,0.7023285772142858
MMMMMddddddddddMMMMM,MOE/5-methylcytosines/deoxy,*******************,TGGCAAATTTGTCCAGCATA,342.7571476233711,332.15861916507595,0.0,0.7779975617142858
MMMMMddddddddddMMMMM,MOE/5-methylcytosines/deoxy,*******************,CTGAGACTTAAAAGCTTGTA,0.0,0.0,0.0,0.7354054730714286
MMMMMddddddddddMMMMM,MOE/5-methylcytosines/deoxy,*******************,TCATATGCTTCATCAAGTTC,0.0,0.0,0.0,0.7465533718571429
MMMMMddddddddddMMMMM,MOE/5-methylcytosines/deoxy,*******************,ACCATGTTGTAAACATCATA,0.0,0.0,0.0,0.7850916273571427
MMMMMddddddddddMMMMM,MOE/5-methylcytosines/deoxy,*******************,CCGAAAAGAGCTCAGGAAGA,0.0,0.0,0.0,0.7336128344999999
MMMMMddddddddddMMMMM,MOE/5-methylcytosines/deoxy,*******************,ATTTGTCCAGCATATCATCC,342.7571476233711,332.15861916507595,0.0,0.7249882849285715
MMMMMddddddddddMMMMM,MOE/5-methylcytosines/deoxy,*******************,TTGCTCATCACAACCACAAA,0.0,0.0,0.0,0.7441665357857143
MMMMMddddddddddMMMMM,MOE/5-methylcytosines/deoxy,*******************,GGTGCCGTTCCATGTTAACA,5873.556657564831,4994.657705081837,14833357382.107056,0.7404872095714287
MMMMMddddddddddMMMMM,MOE/5-methylcytosines/deoxy,*******************,TTTGTCTAAAGGTTCCAAAT,0.0,0.0,0.0,0.7060858597857144
MMMMMddddddddddMMMMM,MOE/5-methylcytosines/deoxy,*******************,TTTTGCTTGATCTATGCAAA,0.0,0.0,0.0,0.7721842816428571
MMMMMddddddddddMMMMM,MOE/5-methylcytosines/deoxy,*******************,ACTTTTATCCAGAAACAGTT,0.0,0.0,0.0,0.716826558857143
MMMMMddddddddddMMMMM,MOE/5-methylcytosines/deoxy,*******************,ATTCTTTAGCTATTCTGACA,199.71916589688925,189.2263951080039,0.0,0.7334789047142857
MMMMMddddddddddMMMMM,MOE/5-methylcytosines/deoxy,*******************,CTGATGTGAAGCCTGAAATC,0.0,0.0,0.0,0.7578844914285715
MMMMMddddddddddMMMMM,MOE/5-methylcytosines/deoxy,*******************,GTGGTGGAGGCACAGGACCA,4346.529601042005,3924.053233983511,0.0,0.7156748907142857
MMMMMddddddddddMMMMM,MOE/5-methylcytosines/deoxy,*******************,TTTTTCTTGGATTTTTCCAC,548.891360725011,209.49561979952733,0.0,0.7595862462142858
MMMMMddddddddddMMMMM,MOE/5-methylcytosines/deoxy,*******************,CTGCCGAACATCTTTTGGCA,0.0,162.46340051678857,0.0,0.7143732028571429
MMMMMddddddddddMMMMM,MOE/5-methylcytosines/deoxy,*******************,TATAATTAAGCTCCTTGGCG,9428.890016500862,8886.850261958343,649821190.978864,0.7309449885
MMMMMddddddddddMMMMM,MOE/5-methylcytosines/deoxy,*******************,CATTTCTTTTTTGATACTGA,0.0,0.0,0.0,0.7657807767857143
MMMMMddddddddddMMMMM,MOE/5-methylcytosines/deoxy,*******************,TGGGGGCCCTTCCTGCGCGG,21468.195492061644,20172.547887976987,457288531333222.7,0.7294803898571427
MMMMMddddddddddMMMMM,MOE/5-methylcytosines/deoxy,*******************,CATCCGCATTCCTGGAAGTG,5813.233066790611,4560.333432646792,0.0,0.7267993870714285
MMMMMddddddddddMMMMM,MOE/5-methylcytosines/deoxy,*******************,TGTTCACCTGCTCTTCAAAC,4723.579384176691,4137.4247527296275,0.0,0.7446234965714286
MMMMMddddddddddMMMMM,MOE/5-methylcytosines/deoxy,*******************,CTCCAAGGAATCCCAGGGGA,14625.18818777132,13816.068823695723,625984076.7556325,0.740566016
MMMMMddddddddddMMMMM,MOE/5-methylcytosines/deoxy,*******************,GCCACTGGGCGGCGGAGGGT,18971.445171281423,17934.93418736919,23077621070832.586,0.7446949962142858
MMMMMddddddddddMMMMM,MOE/5-methylcytosines/deoxy,*******************,AAGGCACCAAACTGAGACTT,0.0,0.0,0.0,0.697751367857143
MMMMMddddddddddMMMMM,MOE/5-methylcytosines/deoxy,*******************,TCCACAAAATTCAGTATATC,0.0,0.0,0.0,0.7149150032857143
MMMMMddddddddddMMMMM,MOE/5-methylcytosines/deoxy,*******************,GGGTAGGGAGTCCCAGCGGC,14406.951963530655,13331.442593424541,34498682512.52449,0.7410894758571428
MMMMMddddddddddMMMMM,MOE/5-methylcytosines/deoxy,*******************,CCGGACTGCAAGGCCTCCAG,14028.969258960238,13122.25243296878,3844444994618.9463,0.7289935785714287
MMMMMddddddddddMMMMM,MOE/5-methylcytosines/deoxy,*******************,CAATACAAGTTCCAGCAACT,215.08378583252392,387.2642916738839,0.0,0.7552577427857141
MMMMMddddddddddMMMMM,MOE/5-methylcytosines/deoxy,*******************,GAGAGAGCTAAGGTTAAATC,0.0,0.0,0.0,0.7260428903571429
MMMMMddddddddddMMMMM,MOE/5-methylcytosines/deoxy,*******************,CTCTTTTTGTTGGCAACAAA,0.0,176.5331454684811,0.0,0.7893387589285713
MMMMMddddddddddMMMMM,MOE/5-methylcytosines/deoxy,*******************,CAGTTCCACCTTCTTTAGAG,7623.996044446029,6193.440560317997,764356953.4261049,0.7273771897857143
MMMMMddddddddddMMMMM,MOE/5-methylcytosines/deoxy,*******************,TCTCAAGCTGTTGAAGCTGC,0.0,0.0,0.0,0.7498994007142856
MMMMMddddddddddMMMMM,MOE/5-methylcytosines/deoxy,*******************,TTTTTTCTTCACCAGCTGAA,3703.2690015452845,2643.815733661083,0.0,0.7459570883571428
MMMMMddddddddddMMMMM,MOE/5-methylcytosines/deoxy,*******************,ATATGCTTCATCAAGTTCAG,0.0,0.0,0.0,0.7400801602142858
MMMMMddddddddddMMMMM,MOE/5-methylcytosines/deoxy,*******************,TTCAAACTCTTCTAGTTTTG,0.0,0.0,0.0,0.7410633982857143
MMMMMddddddddddMMMMM,MOE/5-methylcytosines/deoxy,*******************,TTCTTGGATTTTTCCACTAA,548.891360725011,209.49561979952733,0.0,0.7649883939285713
MMMMMddddddddddMMMMM,MOE/5-methylcytosines/deoxy,*******************,CGGAGGCCTTCCACAATACA,11655.154871152921,10503.375959055806,10865558678.070087,0.7295783555714285
MMMMMddddddddddMMMMM,MOE/5-methylcytosines/deoxy,*******************,ATTTTGTGTCCTTTAGTTTA,399.3805727273574,219.59476885060585,0.0,0.762189687357143
MMMMMddddddddddMMMMM,MOE/5-methylcytosines/deoxy,*******************,TTATCCAGAAACAGTTTTCA,0.0,0.0,0.0,0.7128081401428571
MMMMMddddddddddMMMMM,MOE/5-methylcytosines/deoxy,*******************,CACAACCACAAACTGCTCAG,0.0,0.0,0.0,0.7003713625000001
MMMMMddddddddddMMMMM,MOE/5-methylcytosines/deoxy,*******************,AGGCACAGGACCACTGAATG,1320.8864407783544,1030.076399082317,0.0,0.7641526278571428
MMMMMddddddddddMMMMM,MOE/5-methylcytosines/deoxy,*******************,TGTTGGCAACAAAATGTATT,0.0,0.0,0.0,0.7072313393571428
MMMMMddddddddddMMMMM,MOE/5-methylcytosines/deoxy,*******************,TTTACAGAGAGAGCTAAGGT,0.0,0.0,0.0,0.7201624952857142
MMMMMddddddddddMMMMM,MOE/5-methylcytosines/deoxy,*******************,TGCCGGAGGCCTTCCACAAT,16624.673020815324,14919.24690529718,18501029092272.57,0.7383712058571428
MMMMMddddddddddMMMMM,MOE/5-methylcytosines/deoxy,*******************,TATTGGGGTGTCTGGGATCC,4928.271156042018,4527.595693206732,0.0,0.7652018244285713
MMMMMddddddddddMMMMM,MOE/5-methylcytosines/deoxy,*******************,ATGCAAATGTCTACAAACTG,0.0,0.0,0.0,0.7643795386428571
MMMMMddddddddddMMMMM,MOE/5-methylcytosines/deoxy,*******************,TCTAATAATAATCCAAGCCC,5995.6591349843475,5397.860209469377,2024465250.0289204,0.7231078912142855
MMMMMddddddddddMMMMM,MOE/5-methylcytosines/deoxy,*******************,TTGGCAACAAAATGTATTCT,0.0,0.0,0.0,0.7078576620000001
MMMMMddddddddddMMMMM,MOE/5-methylcytosines/deoxy,*******************,CAAATGCAGTCTTCAGGTTG,362.9286043087234,165.9953932267534,0.0,0.7542652745714286
MMMMMddddddddddMMMMM,MOE/5-methylcytosines/deoxy,*******************,ATGTGAAGCCTGAAATCCAA,197.91385149759918,196.53422436552148,0.0,0.7093131896428571
MMMMMddddddddddMMMMM,MOE/5-methylcytosines/deoxy,*******************,CAGCAACTTGCTAAAGCTTT,0.0,0.0,0.0,0.7496428719285714
MMMMMddddddddddMMMMM,MOE/5-methylcytosines/deoxy,*******************,GAGACTTAAAAGCTTGTAGC,0.0,0.0,0.0,0.7273232912142857
MMMMMddddddddddMMMMM,MOE/5-methylcytosines/deoxy,*******************,AATTCTTTCCAAGCCATACT,705.2497509247621,177.34515671939042,0.0,0.7418724005
MMMMMddddddddddMMMMM,MOE/5-methylcytosines/deoxy,*******************,AAAGCAAATCCACGTTTTCA,0.0,0.0,0.0,0.7184615722857143
MMMMMddddddddddMMMMM,MOE/5-methylcytosines/deoxy,*******************,TCATCACAACCACAAACTGC,0.0,0.0,0.0,0.6998968437142857
MMMMMddddddddddMMMMM,MOE/5-methylcytosines/deoxy,*******************,ATTAATCTTTGCCTCTTTTT,3648.4689074588255,2346.193898331643,0.0,0.7583303115714287
MMMMMddddddddddMMMMM,MOE/5-methylcytosines/deoxy,*******************,TCTGCCGAACATCTTTTGGC,3084.7532273926754,2719.2257910660473,0.0,0.7276753577857143
MMMMMddddddddddMMMMM,MOE/5-methylcytosines/deoxy,*******************,ATATCCAGGCCATCATTCTT,11583.637491029787,10405.228406650787,399288513.56654423,0.7427853367142857
MMMMMddddddddddMMMMM,MOE/5-methylcytosines/deoxy,*******************,GGATTGGTAGAGGAGGAGAA,372.8160685965833,374.05094059175514,0.0,0.7386475537857143
MMMMMddddddddddMMMMM,MOE/5-methylcytosines/deoxy,*******************,TCACCTGCTCTTCAAACTGA,4298.522866355816,3433.6783707729737,0.0,0.7471182910714287
MMMMMddddddddddMMMMM,MOE/5-methylcytosines/deoxy,*******************,AGAGAGCTAAGGTTAAATCC,0.0,0.0,0.0,0.7304531782857142
MMMMMddddddddddMMMMM,MOE/5-methylcytosines/deoxy,*******************,CTTCCATCATTTTTTCAAAA,0.0,0.0,0.0,0.7617448896428571
MMMMMddddddddddMMMMM,MOE/5-methylcytosines/deoxy,*******************,ATGTGACAAGTCTCTCATCT,0.0,0.0,0.0,0.7576305308571429
MMMMMddddddddddMMMMM,MOE/5-methylcytosines/deoxy,*******************,GCATTTTAAATTTGGCAATA,0.0,0.0,0.0,0.7295790312142857
MMMMMddddddddddMMMMM,MOE/5-methylcytosines/deoxy,*******************,GAGGCGGCACCCCTCCACCA,22449.160187010533,21207.39551605387,2.1229014577798416e+16,0.7233935616428572
MMMMMddddddddddMMMMM,MOE/5-methylcytosines/deoxy,*******************,GATATCCAGGCCATCATTCT,11784.6720953009,10610.15761681253,399288513.56654423,0.7503422560714286
MMMMMddddddddddMMMMM,MOE/5-methylcytosines/deoxy,*******************,TTCATATCTTCCATCATTTT,0.0,0.0,0.0,0.7227770130714285
MMMMMddddddddddMMMMM,MOE/5-methylcytosines/deoxy,*******************,GGCAGCCCCGGACTGCAAGG,20714.656833299523,19649.666179003158,2.9378652766218404e+16,0.744593948
MMMMMddddddddddMMMMM,MOE/5-methylcytosines/deoxy,*******************,CTTCTGTCGCGGAAGGCAGC,3874.962938666429,3191.3084872731156,490692883.7639787,0.7162348972142857
MMMMMddddddddddMMMMM,MOE/5-methylcytosines/deoxy,*******************,AGTAAGAAAGTCTTCCACAG,726.919787058936,332.67971888234746,0.0,0.7479271052857143
MMMMMddddddddddMMMMM,MOE/5-methylcytosines/deoxy,*******************,GTTCCAAATCATCCACAAAA,0.0,0.0,0.0,0.713555710642857
MMMMMddddddddddMMMMM,MOE/5-methylcytosines/deoxy,*******************,CATCCACAAAATTCAGTATA,0.0,0.0,0.0,0.7020030658571429
MMMMMddddddddddMMMMM,MOE/5-methylcytosines/deoxy,*******************,ACTGCAAGGCCTCCAGCAGA,14984.77589784089,13744.664001591913,899080486.0807346,0.7269844200714285
MMMMMddddddddddMMMMM,MOE/5-methylcytosines/deoxy,*******************,ATCTGCAGACCCCATTTTCA,14934.416116785473,14370.445335487464,2089402129.9273446,0.737700053357143
MMMMMddddddddddMMMMM,MOE/5-methylcytosines/deoxy,*******************,AATTCAGCCTGAGTTTCTTG,6407.877602132844,6088.552112509032,0.0,0.7415382576428572
MMMMMddddddddddMMMMM,MOE/5-methylcytosines/deoxy,*******************,CAATACAATCTGGGATACAC,381.3920287345935,383.40097958285435,0.0,0.709882954642857
MMMMMddddddddddMMMMM,MOE/5-methylcytosines/deoxy,*******************,AGGTCAGTAAGAAAGTCTTC,0.0,0.0,0.0,0.7342849927142857
MMMMMddddddddddMMMMM,MOE/5-methylcytosines/deoxy,*******************,TGATATTGTAGTGTGAACGT,0.0,0.0,0.0,0.7670500059285715
MMMMMddddddddddMMMMM,MOE/5-methylcytosines/deoxy,*******************,AATTCTTTAGCTATTCTGAC,199.71916589688925,189.2263951080039,0.0,0.7386309640000001
MMMMMddddddddddMMMMM,MOE/5-methylcytosines/deoxy,*******************,GTGGCCAGTTCCACCTTCTT,10409.58802774878,8615.376010445132,764356953.4261049,0.7505946167142857
MMMMMddddddddddMMMMM,MOE/5-methylcytosines/deoxy,*******************,CTGGAAGTGGAGGAGGTGGT,7311.588705509952,5902.245299229381,0.0,0.7350745240714287
MMMMMddddddddddMMMMM,MOE/5-methylcytosines/deoxy,*******************,TTTTTGATACTGAAGTCCTT,0.0,0.0,0.0,0.7060775220000001
MMMMMddddddddddMMMMM,MOE/5-methylcytosines/deoxy,*******************,TTCTTTTTTGATACTGAAGT,0.0,0.0,0.0,0.7715022701428571
MMMMMddddddddddMMMMM,MOE/5-methylcytosines/deoxy,*******************,TATAAAGCTCGTAATCTTGC,0.0,0.0,0.0,0.7589403467142858
MMMMMddddddddddMMMMM,MOE/5-methylcytosines/deoxy,*******************,CAATCCACAACGCATAAATT,0.0,0.0,0.0,0.6938946214285716
MMMMMddddddddddMMMMM,MOE/5-methylcytosines/deoxy,*******************,GTGAAGCCTGAAATCCAAAT,197.91385149759918,196.53422436552148,0.0,0.7593200901428571
MMMMMddddddddddMMMMM,MOE/5-methylcytosines/deoxy,*******************,TTTCATGAGGTCTGATCTTT,414.78163165566116,351.3472251667647,0.0,0.7539461651428573
MMMMMddddddddddMMMMM,MOE/5-methylcytosines/deoxy,*******************,TTAAGTTCTGAATCATAGAC,0.0,0.0,0.0,0.7292220531428572
MMMMMddddddddddMMMMM,MOE/5-methylcytosines/deoxy,*******************,GGTGTTGGGGGCCCTTCCTG,19374.060147861415,18394.283274998423,46394465102.8468,0.7308275130714287
MMMMMddddddddddMMMMM,MOE/5-methylcytosines/deoxy,*******************,ATTCCTGGAAGTGGAGGAGG,4587.18387833529,3680.780235256433,0.0,0.7424343089285715
MMMMMddddddddddMMMMM,MOE/5-methylcytosines/deoxy,*******************,AAGTCTCTCATCTGCAGACC,1799.99324124739,964.7850526120798,0.0,0.7463579937142857
MMMMMddddddddddMMMMM,MOE/5-methylcytosines/deoxy,*******************,AAGATTGAAAGGTTCTGGGC,1414.0292483793928,1209.7183244725634,0.0,0.7475708333571429
MMMMMddddddddddMMMMM,MOE/5-methylcytosines/deoxy,*******************,GAGGCCTTCCACAATACAAA,9181.764276235695,8429.5041227247,4558501282.171783,0.7370889178571429
MMMMMddddddddddMMMMM,MOE/5-methylcytosines/deoxy,*******************,CTTGAAGCTCATTAATCTTT,0.0,0.0,0.0,0.7242542574285713
MMMMMddddddddddMMMMM,MOE/5-methylcytosines/deoxy,*******************,GAATTTAATTGCTCTTGATC,371.6697801843947,190.39261549998628,0.0,0.7376608033571428
MMMMMddddddddddMMMMM,MOE/5-methylcytosines/deoxy,*******************,TTTAGGTGACCTTATAAAGC,371.57745595825713,173.86960791892412,0.0,0.7508501552857144
MMMMMddddddddddMMMMM,MOE/5-methylcytosines/deoxy,*******************,CTTCAAACTCTTCTAGTTTT,0.0,0.0,0.0,0.7462910865000002
MMMMMddddddddddMMMMM,MOE/5-methylcytosines/deoxy,*******************,ATCATTTCGAATCAGCAAAA,0.0,0.0,0.0,0.7327502199999999
MMMMMddddddddddMMMMM,MOE/5-methylcytosines/deoxy,*******************,CATGTTAACAGCTTGGGTCT,1936.915872040209,1198.128901899382,0.0,0.7231103959285715
MMMMMddddddddddMMMMM,MOE/5-methylcytosines/deoxy,*******************,TTCTCTTAAGACTTCCTGTC,2229.861299224085,1456.5958790722611,0.0,0.7537641377142857
MMMMMddddddddddMMMMM,MOE/5-methylcytosines/deoxy,*******************,CAGGCAGTACTGACAGCCAT,1580.612673416864,1255.648608517686,0.0,0.735685748
MMMMMddddddddddMMMMM,MOE/5-methylcytosines/deoxy,*******************,AAACTTGGGGCGCTTCTCCC,13413.796363010799,12673.09021425424,16042485855866.197,0.7224814843571429
MMMMMddddddddddMMMMM,MOE/5-methylcytosines/deoxy,*******************,ATCATCAGGAGATGTAACCA,0.0,0.0,0.0,0.7399285660714287
MMMMMddddddddddMMMMM,MOE/5-methylcytosines/deoxy,*******************,TGATCAGGAAGATGCTTTAT,0.0,0.0,0.0,0.7497759381428571
MMMMMddddddddddMMMMM,MOE/5-methylcytosines/deoxy,*******************,CACAGGACCACTGAATGGCA,914.4580738439419,690.8509015679338,0.0,0.6981387116428573
MMMMMddddddddddMMMMM,MOE/5-methylcytosines/deoxy,*******************,TCCAAATCATCAGGAGATGT,0.0,0.0,0.0,0.7236708727142858
MMMMMddddddddddMMMMM,MOE/5-methylcytosines/deoxy,*******************,CCTTCTCAAGCTGTTGAAGC,0.0,0.0,0.0,0.7345889614285713
MMMMMddddddddddMMMMM,MOE/5-methylcytosines/deoxy,*******************,CTCTTGAACTGAGACAATGA,0.0,0.0,0.0,0.7186652309285714
MMMMMddddddddddMMMMM,MOE/5-methylcytosines/deoxy,*******************,TTGATATTGTAGTGTGAACG,0.0,0.0,0.0,0.7546664423571429
MMMMMddddddddddMMMMM,MOE/5-methylcytosines/deoxy,*******************,TTTGATACTGAAGTCCTTTT,0.0,0.0,0.0,0.7376508534285714
MMMMMddddddddddMMMMM,MOE/5-methylcytosines/deoxy,*******************,TCTCTTAAGACTTCCTGTCT,2289.552715623042,1471.6894064536239,0.0,0.7517536196428571
MMMMMddddddddddMMMMM,MOE/5-methylcytosines/deoxy,*******************,TACTTCTCTTCACATATTTC,206.27343817894172,203.66039358360902,0.0,0.7441291249285715
MMMMMddddddddddMMMMM,MOE/5-methylcytosines/deoxy,*******************,CTGAATGGCATCCGCATTCC,1985.3764111913276,978.4078976090793,0.0,0.7477400957857144
MMMMMddddddddddMMMMM,MOE/5-methylcytosines/deoxy,*******************,CAACTTGCTAAAGCTTTTGC,0.0,0.0,0.0,0.7369666356428571
MMMMMddddddddddMMMMM,MOE/5-methylcytosines/deoxy,*******************,GAGCTGCATACAAGCTACTT,0.0,0.0,0.0,0.7118427002857143
MMMMMddddddddddMMMMM,MOE/5-methylcytosines/deoxy,*******************,AGAATTTTGTCCTCCAAGGA,6262.351935751695,4954.580672221214,3037849146.677479,0.7884765154285713
MMMMMddddddddddMMMMM,MOE/5-methylcytosines/deoxy,*******************,TCAATCCACAACGCATAAAT,0.0,0.0,0.0,0.7158721157857143
MMMMMddddddddddMMMMM,MOE/5-methylcytosines/deoxy,*******************,TAAATCCGAAGGTTTGAGCA,0.0,0.0,0.0,0.7300548817857144
MMMMMddddddddddMMMMM,MOE/5-methylcytosines/deoxy,*******************,TTTATTGCTTGCATGAATGT,0.0,0.0,0.0,0.7527655595
MMMMMddddddddddMMMMM,MOE/5-methylcytosines/deoxy,*******************,GGGGCAAACAACAGATGGCT,0.0,0.0,0.0,0.7071693553571429
MMMMMddddddddddMMMMM,MOE/5-methylcytosines/deoxy,*******************,TTGTCTAAAGGTTCCAAATC,0.0,0.0,0.0,0.7365901711428572
MMMMMddddddddddMMMMM,MOE/5-methylcytosines/deoxy,*******************,ATTTAATTGCTCTTGATCAG,402.46699787015905,190.39261549998628,0.0,0.7429582594999999
MMMMMddddddddddMMMMM,MOE/5-methylcytosines/deoxy,*******************,GAGACTCCAGGCATGTGACA,8326.767905620918,7663.127267676588,0.0,0.7312004725714286
MMMMMddddddddddMMMMM,MOE/5-methylcytosines/deoxy,*******************,GGCTCCTCGGGGCCACTGGG,19354.847006738753,17806.702561196198,55476858946342.2,0.7276788416428571
MMMMMddddddddddMMMMM,MOE/5-methylcytosines/deoxy,*******************,TCCGTCAGTGTCCTAATATT,2550.939731264322,1558.8074255902843,0.0,0.7465562865714287
MMMMMddddddddddMMMMM,MOE/5-methylcytosines/deoxy,*******************,GACTTTAAGTTGGATATCCA,0.0,0.0,0.0,0.7422873469285713
MMMMMddddddddddMMMMM,MOE/5-methylcytosines/deoxy,*******************,TTCATCTACTTCCAATATCA,166.6013823716573,0.0,0.0,0.7260512091428571
MMMMMddddddddddMMMMM,MOE/5-methylcytosines/deoxy,*******************,TGAGCCTTGGGCCGGGTGGT,19773.570334794767,18982.90077078953,77967655786142.28,0.7408341362857142
MMMMMddddddddddMMMMM,MOE/5-methylcytosines/deoxy,*******************,AGGAGGAAGTGCTGAGTGGC,544.175677078021,519.4432858554179,0.0,0.7338501709285713
MMMMMddddddddddMMMMM,MOE/5-methylcytosines/deoxy,*******************,CCTGTCTTAGAAGCAGTATT,166.8659131349614,169.73715140641195,0.0,0.7400107290714286
MMMMMddddddddddMMMMM,MOE/5-methylcytosines/deoxy,*******************,ATTCCTGAGGTGAGATCTGT,5456.482839609661,4286.707975129127,509378187.0378747,0.7370036040000001
MMMMMddddddddddMMMMM,MOE/5-methylcytosines/deoxy,*******************,TACAATGCATACCGCAGAGA,522.4714031515404,319.52572068606617,0.0,0.7426513482857143
MMMMMddddddddddMMMMM,MOE/5-methylcytosines/deoxy,*******************,GAATTCCTGAGGTGAGATCT,5257.096201277687,4100.379631594554,509378187.0378747,0.7355874874999999
MMMMMddddddddddMMMMM,MOE/5-methylcytosines/deoxy,*******************,TCTTCAGGTTGGGAAGTGGA,1999.6307868891497,1717.197702873305,0.0,0.7443934912142858
MMMMMddddddddddMMMMM,MOE/5-methylcytosines/deoxy,*******************,ATTACAATCAGCTGGCAAGG,1709.0170490809883,1491.5642408243757,0.0,0.7163411234285714
MMMMMddddddddddMMMMM,MOE/5-methylcytosines/deoxy,*******************,ACCTTATAAAGCTCGTAATC,0.0,0.0,0.0,0.7226492645714285
MMMMMddddddddddMMMMM,MOE/5-methylcytosines/deoxy,*******************,AATGCATACCGCAGAGAGAA,522.4714031515404,319.52572068606617,0.0,0.7320855497142856
MMMMMddddddddddMMMMM,MOE/5-methylcytosines/deoxy,*******************,CAAAAAGTTCTAAGAGTTCA,0.0,0.0,0.0,0.7398481726428571
MMMMMddddddddddMMMMM,MOE/5-methylcytosines/deoxy,*******************,AATCTAGTCTTTTTCGATAT,0.0,0.0,0.0,0.7519241130000001
MMMMMddddddddddMMMMM,MOE/5-methylcytosines/deoxy,*******************,TTGTCCTCCAAGGAATCCCA,6417.705475681039,5033.218302602736,3037849146.677479,0.702643225
MMMMMddddddddddMMMMM,MOE/5-methylcytosines/deoxy,*******************,GTCTTCCACAGACACCTTCT,751.7102961956948,565.4057234580569,0.0,0.7216843425
MMMMMddddddddddMMMMM,MOE/5-methylcytosines/deoxy,*******************,TGGTGCCGTTCCATGTTAAC,6317.489067242705,5383.756706495892,291258127230.5534,0.7328618324285713
MMMMMddddddddddMMMMM,MOE/5-methylcytosines/deoxy,*******************,CTTTATTGCTTGCATGAATG,0.0,0.0,0.0,0.7595581125714286
MMMMMddddddddddMMMMM,MOE/5-methylcytosines/deoxy,*******************,GGTGCTGCTGAGCAATCACT,1769.373692189528,1863.8001235679126,2024465250.0289204,0.7351554805714287
MMMMMddddddddddMMMMM,MOE/5-methylcytosines/deoxy,*******************,CAAGCTGTTGAAGCTGCCTT,1565.355071555909,862.336711376811,0.0,0.7672551385714285
MMMMMddddddddddMMMMM,MOE/5-methylcytosines/deoxy,*******************,CAACCCAAATGGCAGGATTG,1094.361973595963,535.6947600963144,0.0,0.7189746523571429
MMMMMddddddddddMMMMM,MOE/5-methylcytosines/deoxy,*******************,TATATTCACTCTTGAACTGA,0.0,0.0,0.0,0.7250354312142857
MMMMMddddddddddMMMMM,MOE/5-methylcytosines/deoxy,*******************,GGAGTCCCAGCGGCTGAGCC,15979.270579056994,14659.025317902127,34498682512.52449,0.7100681935
MMMMMddddddddddMMMMM,MOE/5-methylcytosines/deoxy,*******************,TTTGTCCTCCAAGGAATCCC,6378.136362453756,5015.185645263689,3037849146.677479,0.7102001443571427
MMMMMddddddddddMMMMM,MOE/5-methylcytosines/deoxy,*******************,ACAATGCATACCGCAGAGAG,522.4714031515404,319.52572068606617,0.0,0.7261353810714286
MMMMMddddddddddMMMMM,MOE/5-methylcytosines/deoxy,*******************,ATGTCTACAAACTGGGTTAA,0.0,0.0,0.0,0.7122160431428571
MMMMMddddddddddMMMMM,MOE/5-methylcytosines/deoxy,*******************,TGGGTCTCCCTATAGTGAGT,9164.481884279117,7874.581829371753,5974964020.4873,0.7156297024285714
MMMMMddddddddddMMMMM,MOE/5-methylcytosines/deoxy,*******************,ACTTCTTCAAGGATGCTTTC,0.0,0.0,0.0,0.7221428550000001
MMMMMddddddddddMMMMM,MOE/5-methylcytosines/deoxy,*******************,AACTTCTTCAAGGATGCTTT,0.0,0.0,0.0,0.7280207116428572
MMMMMddddddddddMMMMM,MOE/5-methylcytosines/deoxy,*******************,TATCCATCACTCCTGTCTCA,7072.181477489207,6286.173165820201,1349132017.6504462,0.735883543
MMMMMddddddddddMMMMM,MOE/5-methylcytosines/deoxy,*******************,TGGTTACAAACTTTCAGAAC,0.0,0.0,0.0,0.7116396354285716
MMMMMddddddddddMMMMM,MOE/5-methylcytosines/deoxy,*******************,GCACCTTCCAGGGTCAAGGA,10377.060240265824,10320.013349721825,764356953.4261049,0.720795878357143
MMMMMddddddddddMMMMM,MOE/5-methylcytosines/deoxy,*******************,GATTATAATTAAGCTCCTTG,1834.913826923242,1487.9999440296524,0.0,0.7341288103571427
MMMMMddddddddddMMMMM,MOE/5-methylcytosines/deoxy,*******************,GGAGGAAGTGCTGAGTGGCC,1276.9557878066214,1046.5967614896917,0.0,0.7276911925
MMMMMddddddddddMMMMM,MOE/5-methylcytosines/deoxy,*******************,AGTTCAGCTCTAATATCTTC,0.0,0.0,0.0,0.7308104532142856
MMMMMddddddddddMMMMM,MOE/5-methylcytosines/deoxy,*******************,TTTCCACCCAACTCACAGGA,17150.1754380909,16458.136236224866,2326983114.6728487,0.6992683324999999
MMMMMddddddddddMMMMM,MOE/5-methylcytosines/deoxy,*******************,GCCAATAAGGAAAGGCTCCT,186.43222932903,0.0,0.0,0.7173770382142858
MMMMMddddddddddMMMMM,MOE/5-methylcytosines/deoxy,*******************,TGTGAAGCCTGAAATCCAAA,197.91385149759918,196.53422436552148,0.0,0.7501351762857142
MMMMMddddddddddMMMMM,MOE/5-methylcytosines/deoxy,*******************,TTCTACCAGGAAATGAAGTA,856.104458982591,810.6100821856764,0.0,0.7458801123571429
MMMMMddddddddddMMMMM,MOE/5-methylcytosines/deoxy,*******************,TCACCCTCAGTCTTCATTTC,7976.245688111315,6735.037086016602,0.0,0.7562002869999999
MMMMMddddddddddMMMMM,MOE/5-methylcytosines/deoxy,*******************,GCCTGAAATCCAAATCATCA,197.91385149759918,196.53422436552148,0.0,0.6917677410714286
MMMMMddddddddddMMMMM,MOE/5-methylcytosines/deoxy,*******************,AGACTCCAGGCATGTGACAA,8326.767905620918,7663.127267676588,0.0,0.7299794142857142
MMMMMddddddddddMMMMM,MOE/5-methylcytosines/deoxy,*******************,GCAATACAATCTGGGATACA,0.0,0.0,0.0,0.7103491935714284
MMMMMddddddddddMMMMM,MOE/5-methylcytosines/deoxy,*******************,GAGACAATGAATTTAATTGC,0.0,0.0,0.0,0.7355257367857142
MMMMMddddddddddMMMMM,MOE/5-methylcytosines/deoxy,*******************,GTAAGAAAGTCTTCCACAGA,726.919787058936,332.67971888234746,0.0,0.7473239446428571
MMMMMddddddddddMMMMM,MOE/5-methylcytosines/deoxy,*******************,TTGGGTCTCCCTATAGTGAG,9206.279412058935,7904.328433549652,5974964020.4873,0.7290811495
MMMMMddddddddddMMMMM,MOE/5-methylcytosines/deoxy,*******************,CTATGCAAATGTCTACAAAC,0.0,0.0,0.0,0.7501010707142858
MMMMMddddddddddMMMMM,MOE/5-methylcytosines/deoxy,*******************,TACAAAGCAAATCCACGTTT,0.0,0.0,0.0,0.7172636577857142
MMMMMddddddddddMMMMM,MOE/5-methylcytosines/deoxy,*******************,TTTATCCAGAAACAGTTTTC,0.0,0.0,0.0,0.7254164534285713
MMMMMddddddddddMMMMM,MOE/5-methylcytosines/deoxy,*******************,CTTCAAGGCGATGGGATAAC,191.33197795368687,181.90170104796988,0.0,0.7335723277857144
MMMMMddddddddddMMMMM,MOE/5-methylcytosines/deoxy,*******************,CTGGGATCCACGGCTTTGGC,9641.80422134432,9021.704118357904,983637130295.9828,0.712332899
MMMMMddddddddddMMMMM,MOE/5-methylcytosines/deoxy,*******************,GTTACAAACTTTCAGAACAG,0.0,0.0,0.0,0.7229002820000001
MMMMMddddddddddMMMMM,MOE/5-methylcytosines/deoxy,*******************,CTTCCCATCTGCCTCAAATT,12894.47095887567,11593.092935167813,0.0,0.724212122857143
MMMMMddddddddddMMMMM,MOE/5-methylcytosines/deoxy,*******************,GGGAGTCCCAGCGGCTGAGC,15697.696260177743,14383.839039982546,34498682512.52449,0.7218441383571428
MMMMMddddddddddMMMMM,MOE/5-methylcytosines/deoxy,*******************,GCTCCTCGGGGCCACTGGGC,19462.384641884735,18025.588635143904,12041745765375.096,0.7370869137857143
MMMMMddddddddddMMMMM,MOE/5-methylcytosines/deoxy,*******************,TTGATCAGGAAGATGCTTTA,0.0,0.0,0.0,0.7466042228571429
MMMMMddddddddddMMMMM,MOE/5-methylcytosines/deoxy,*******************,GAGGAGGAGAATTTTGTCCT,0.0,0.0,0.0,0.7353919865
MMMMMddddddddddMMMMM,MOE/5-methylcytosines/deoxy,*******************,TCCCGGCAGCCGCGGAGAGA,21582.156866429446,20600.46221941627,590917632502070.1,0.7178687762142857
MMMMMddddddddddMMMMM,MOE/5-methylcytosines/deoxy,*******************,TGAAACTTGGGGCGCTTCTC,9975.825273716653,9170.233455467991,5233599378.656277,0.7356096617142855
MMMMMddddddddddMMMMM,MOE/5-methylcytosines/deoxy,*******************,ACTTGTCATGCAAGTCCTCA,0.0,0.0,0.0,0.7418954382142856
MMMMMddddddddddMMMMM,MOE/5-methylcytosines/deoxy,*******************,GAAGTGCTGAGTGGCCAGTT,3370.312927232945,3390.117037784797,0.0,0.7390829034285714
MMMMMddddddddddMMMMM,MOE/5-methylcytosines/deoxy,*******************,TCCTTCTCAAGCTGTTGAAG,581.9114293392884,380.89708250285105,0.0,0.7329605801428573
MMMMMddddddddddMMMMM,MOE/5-methylcytosines/deoxy,*******************,GGCAGGATTGGTAGAGGAGG,179.54758428612425,184.01868157420623,0.0,0.753868952
MMMMMddddddddddMMMMM,MOE/5-methylcytosines/deoxy,*******************,GGGCAATTTTAGAATCTAAA,0.0,0.0,0.0,0.7348416154999999
MMMMMddddddddddMMMMM,MOE/5-methylcytosines/deoxy,*******************,TCTCTATGCAATACAATCTG,0.0,0.0,0.0,0.7177217524999999
MMMMMddddddddddMMMMM,MOE/5-methylcytosines/deoxy,*******************,ATCCGCATTCCTGGAAGTGG,5813.233066790611,4560.333432646792,0.0,0.726076305142857
MMMMMddddddddddMMMMM,MOE/5-methylcytosines/deoxy,*******************,AGTCGTATTAATTTCGATAA,0.0,0.0,0.0,0.7319419717857142
MMMMMddddddddddMMMMM,MOE/5-methylcytosines/deoxy,*******************,CTTCTCTTTTTTTGATATTC,0.0,0.0,0.0,0.7654431824999998
MMMMMddddddddddMMMMM,MOE/5-methylcytosines/deoxy,*******************,CAATTCAATCTTCTCATGCT,0.0,0.0,0.0,0.7380000645714286
MMMMMddddddddddMMMMM,MOE/5-methylcytosines/deoxy,*******************,CAACTTTTTCTTGGATTTTT,0.0,0.0,0.0,0.7575157132142857
MMMMMddddddddddMMMMM,MOE/5-methylcytosines/deoxy,*******************,CCAGCAACTTGCTAAAGCTT,216.19872605573897,220.99905631000885,0.0,0.7618073934285715
MMMMMddddddddddMMMMM,MOE/5-methylcytosines/deoxy,*******************,ACAGAGAGAGCTAAGGTTAA,0.0,0.0,0.0,0.7135158802857143
MMMMMddddddddddMMMMM,MOE/5-methylcytosines/deoxy,*******************,CTTGCAAATGCAGTCTTCAG,0.0,0.0,0.0,0.7269902542142858
MMMMMddddddddddMMMMM,MOE/5-methylcytosines/deoxy,*******************,TTCAGGTCAGTAAGAAAGTC,0.0,0.0,0.0,0.7281431550714286
MMMMMddddddddddMMMMM,MOE/5-methylcytosines/deoxy,*******************,GGAGGCACAGGACCACTGAA,2497.709226317555,2171.5510400319004,0.0,0.747344200857143
MMMMMddddddddddMMMMM,MOE/5-methylcytosines/deoxy,*******************,AATACAATCTGGGATACACA,381.3920287345935,383.40097958285435,0.0,0.7081525028571428
MMMMMddddddddddMMMMM,MOE/5-methylcytosines/deoxy,*******************,GTGCTGCTGAGCAATCACTG,1241.850121457029,1296.38434212341,2024465250.0289204,0.7266465611428571
MMMMMddddddddddMMMMM,MOE/5-methylcytosines/deoxy,*******************,TCATCAAGTTCAGCTCTAAT,0.0,0.0,0.0,0.7443617882142857
MMMMMddddddddddMMMMM,MOE/5-methylcytosines/deoxy,*******************,AAGCTTTCCACCCAACTCAC,17275.513210901623,16498.952096692763,2326983114.6728487,0.7289469844285714
MMMMMddddddddddMMMMM,MOE/5-methylcytosines/deoxy,*******************,CCCATCTGCCTCAAATTCTT,11163.504257137454,10429.184697999572,0.0,0.7150074141428571
MMMMMddddddddddMMMMM,MOE/5-methylcytosines/deoxy,*******************,GCTTCTCTTTTTTTGATATT,0.0,0.0,0.0,0.767573621857143
MMMMMddddddddddMMMMM,MOE/5-methylcytosines/deoxy,*******************,CAGCCCCGGACTGCAAGGCC,20588.375523524133,19465.901039598233,1246374242321845.8,0.7501413779999998
MMMMMddddddddddMMMMM,MOE/5-methylcytosines/deoxy,*******************,CTTTTTCTTGGATTTTTCCA,548.891360725011,209.49561979952733,0.0,0.7608073045
MMMMMddddddddddMMMMM,MOE/5-methylcytosines/deoxy,*******************,TTAAATTTGGCAATATCTCT,0.0,0.0,0.0,0.7457542077142856
MMMMMddddddddddMMMMM,MOE/5-methylcytosines/deoxy,*******************,GTCACAAACTTGTCATGCAA,0.0,0.0,0.0,0.7132676299285714
MMMMMddddddddddMMMMM,MOE/5-methylcytosines/deoxy,*******************,CGGAGAGACTCCAGGCATGT,8524.579788611634,7672.107022729592,0.0,0.7498753320714285
MMMMMddddddddddMMMMM,MOE/5-methylcytosines/deoxy,*******************,TAAAGTTCTGATGCTTTCTC,215.95250580930664,0.0,0.0,0.7489645589285715
MMMMMddddddddddMMMMM,MOE/5-methylcytosines/deoxy,*******************,GCTGAGCCTTGGGCCGGGTG,19290.19180441682,18559.351631954152,16029592839429.69,0.7503751159285714
MMMMMddddddddddMMMMM,MOE/5-methylcytosines/deoxy,*******************,CCATCTGCCTCAAATTCTTT,9359.361356923702,8506.618294682903,0.0,0.7302736246428572
MMMMMddddddddddMMMMM,MOE/5-methylcytosines/deoxy,*******************,GTCAAGGAAGGCACGGGGGA,8389.054916383942,7029.115170761925,33523835888.860325,0.7395912502857144
MMMMMddddddddddMMMMM,MOE/5-methylcytosines/deoxy,*******************,CCATTTTCAGCTCATGAATG,0.0,0.0,0.0,0.7270706002142858
MMMMMddddddddddMMMMM,MOE/5-methylcytosines/deoxy,*******************,TCTTCCCCTACAATGCATAC,16832.598099325434,15780.633320322939,1954271746.4309878,0.7234932159285714
MMMMMddddddddddMMMMM,MOE/5-methylcytosines/deoxy,*******************,CCAAATCATCAGGAGATGTA,0.0,0.0,0.0,0.7224495779285715
MMMMMddddddddddMMMMM,MOE/5-methylcytosines/deoxy,*******************,CAACTGCACTTTCTGATTTT,407.345207588158,0.0,0.0,0.7337320878571428
MMMMMddddddddddMMMMM,MOE/5-methylcytosines/deoxy,*******************,TCAGGAAGATTGAAAGGTTC,0.0,0.0,0.0,0.7291326865
MMMMMddddddddddMMMMM,MOE/5-methylcytosines/deoxy,*******************,CCACCCAACTCACAGGATTG,16105.42740681516,15532.087833621548,1086811326.506354,0.7193570197857143
MMMMMddddddddddMMMMM,MOE/5-methylcytosines/deoxy,*******************,AAACTTCTTCAAGGATGCTT,0.0,0.0,0.0,0.7352922123571428
MMMMMddddddddddMMMMM,MOE/5-methylcytosines/deoxy,*******************,GCATAGTATCCTATTATACT,0.0,0.0,0.0,0.7226665385000001
MMMMMddddddddddMMMMM,MOE/5-methylcytosines/deoxy,*******************,CATGCAAGTCCTCAGGAGGG,3548.769921222056,3559.125035640618,0.0,0.7595875869285714
MMMMMddddddddddMMMMM,MOE/5-methylcytosines/deoxy,*******************,AAGAAAGTCTTCCACAGACA,726.919787058936,332.67971888234746,0.0,0.7600943290714286
MMMMMddddddddddMMMMM,MOE/5-methylcytosines/deoxy,*******************,TGATGTGAAGCCTGAAATCC,197.91385149759918,196.53422436552148,0.0,0.7625430837857143
MMMMMddddddddddMMMMM,MOE/5-methylcytosines/deoxy,*******************,CAATGGCATAGTATCCTATT,0.0,0.0,0.0,0.7498463435
MMMMMddddddddddMMMMM,MOE/5-methylcytosines/deoxy,*******************,TGAGCAATCACTGCTTGCAA,0.0,0.0,0.0,0.7234999794285715
MMMMMddddddddddMMMMM,MOE/5-methylcytosines/deoxy,*******************,TTTCTTAATCGATTTCTTCT,0.0,0.0,0.0,0.7342746345714286
MMMMMddddddddddMMMMM,MOE/5-methylcytosines/deoxy,*******************,TGGATATCCAGGCCATCATT,11810.068163047876,10636.05869679594,399288513.56654423,0.720618433857143
MMMMMddddddddddMMMMM,MOE/5-methylcytosines/deoxy,*******************,TCACCAGCTGAAGTTAAAGC,1653.436605705641,838.82625527495,0.0,0.7414128694285714
MMMMMddddddddddMMMMM,MOE/5-methylcytosines/deoxy,*******************,TTAACCACATCTGTCATCAT,894.4573074847308,1026.2803463901878,0.0,0.7207753142857144
MMMMMddddddddddMMMMM,MOE/5-methylcytosines/deoxy,*******************,GTTGGGAAGTGGAGGTCTCT,3095.4990763868122,2799.138002642352,0.0,0.7391945667857142
MMMMMddddddddddMMMMM,MOE/5-methylcytosines/deoxy,*******************,CTTCTTCAAGGATGCTTTCT,0.0,0.0,0.0,0.7368302490000002
MMMMMddddddddddMMMMM,MOE/5-methylcytosines/deoxy,*******************,CCAACTCACAGGATTGCTGG,569.1875940401053,171.35158905545634,0.0,0.7208106188571428
MMMMMddddddddddMMMMM,MOE/5-methylcytosines/deoxy,*******************,CAAAGCTTTCCACCCAACTC,17152.559269818037,16328.284472696596,2326983114.6728487,0.7516652489285713
MMMMMddddddddddMMMMM,MOE/5-methylcytosines/deoxy,*******************,CTCTTCAAACTCTTCTAGTT,0.0,0.0,0.0,0.7198423844999999
MMMMMddddddddddMMMMM,MOE/5-methylcytosines/deoxy,*******************,TCAGCTCATGAATGAATTCC,0.0,0.0,0.0,0.750859303
MMMMMddddddddddMMMMM,MOE/5-methylcytosines/deoxy,*******************,CTAAAGCTTTTGCTCTTCTT,0.0,328.58816689020085,0.0,0.7621129093571427
MMMMMddddddddddMMMMM,MOE/5-methylcytosines/deoxy,*******************,CATTTAAATTCATATCTTCC,0.0,0.0,0.0,0.7226495731428572
MMMMMddddddddddMMMMM,MOE/5-methylcytosines/deoxy,*******************,TTCATTTCTAATAAACGCTT,0.0,0.0,0.0,0.7210679855714285
MMMMMddddddddddMMMMM,MOE/5-methylcytosines/deoxy,*******************,AAGGTGCTGCTGAGCAATCA,2656.425004545424,2541.2562033011905,2024465250.0289204,0.7308019817142857
MMMMMddddddddddMMMMM,MOE/5-methylcytosines/deoxy,*******************,TGTAACCAGGGCATTGATGA,3865.4565630448783,2930.7535415905086,0.0,0.7350681617857143
MMMMMddddddddddMMMMM,MOE/5-methylcytosines/deoxy,*******************,TTTCTCGCTCTGCTAATTCT,8025.447004951693,7374.798309729378,599159837.4923517,0.7139540385714286
MMMMMddddddddddMMMMM,MOE/5-methylcytosines/deoxy,*******************,ATAATAATCCAAGCCCTTCA,8798.517341695046,7865.444374175885,2623625087.521272,0.6997806908571428
MMMMMddddddddddMMMMM,MOE/5-methylcytosines/deoxy,*******************,GCTTTCCACCCAACTCACAG,17255.653591526625,16520.420314139905,2326983114.6728487,0.6990824354285715
MMMMMddddddddddMMMMM,MOE/5-methylcytosines/deoxy,*******************,TTACAAACTTTCAGAACAGG,0.0,0.0,0.0,0.7322994214999999
MMMMMddddddddddMMMMM,MOE/5-methylcytosines/deoxy,*******************,TTCACATAAGTTGCTATATT,0.0,0.0,0.0,0.7484567365714286
MMMMMddddddddddMMMMM,MOE/5-methylcytosines/deoxy,*******************,GTCAGTGTCCTAATATTTAA,172.4061506223153,171.79261144517105,0.0,0.7541262404285716
MMMMMddddddddddMMMMM,MOE/5-methylcytosines/deoxy,*******************,CACACCATGTTGTAAACATC,185.96868766494015,184.25978271761522,0.0,0.7670888622142856
MMMMMddddddddddMMMMM,MOE/5-methylcytosines/deoxy,*******************,AATGAAGTAGCGTTGTTTTC,0.0,0.0,0.0,0.7356814927142857
MMMMMddddddddddMMMMM,MOE/5-methylcytosines/deoxy,*******************,GTTTACAGAGAGAGCTAAGG,0.0,0.0,0.0,0.7247554542142858
MMMMMddddddddddMMMMM,MOE/5-methylcytosines/deoxy,*******************,ATCAAGTTCAGCTCTAATAT,0.0,0.0,0.0,0.7448663242142858
MMMMMddddddddddMMMMM,MOE/5-methylcytosines/deoxy,*******************,AGTTTAACCACATCTGTCAT,894.4573074847308,1026.2803463901878,0.0,0.7060129407857144
MMMMMddddddddddMMMMM,MOE/5-methylcytosines/deoxy,*******************,CCCCTACAATGCATACCGCA,6369.19807478415,5336.868766712439,0.0,0.7265363782857144
MMMMMddddddddddMMMMM,MOE/5-methylcytosines/deoxy,*******************,TATTCATCAGGGCTTTTAGA,0.0,0.0,0.0,0.7319327360000001
MMMMMddddddddddMMMMM,MOE/5-methylcytosines/deoxy,*******************,TCATCAGGAGATGTAACCAG,0.0,0.0,0.0,0.7316834800714286
MMMMMddddddddddMMMMM,MOE/5-methylcytosines/deoxy,*******************,ATGTATTCTCAAGTTTACAA,0.0,0.0,0.0,0.7391030387142857
MMMMMddddddddddMMMMM,MOE/5-methylcytosines/deoxy,*******************,GTTGTAAACATCATATGCTT,0.0,0.0,0.0,0.7052540726428571
MMMMMddddddddddMMMMM,MOE/5-methylcytosines/deoxy,*******************,GAACTGATTCATTTTTAGAA,0.0,0.0,0.0,0.7250566257142858
MMMMMddddddddddMMMMM,MOE/5-methylcytosines/deoxy,*******************,CTCATCAAAGACTTTAAGTT,0.0,0.0,0.0,0.7347940145714286
MMMMMddddddddddMMMMM,MOE/5-methylcytosines/deoxy,*******************,TAGCTCTGCTTGAAGCTCAT,370.78538288569064,368.92423396058496,0.0,0.7312286163571429
MMMMMddddddddddMMMMM,MOE/5-methylcytosines/deoxy,*******************,AAATCCACGTTTTCATACTT,0.0,0.0,0.0,0.7662147967142856
MMMMMddddddddddMMMMM,MOE/5-methylcytosines/deoxy,*******************,CTGGTGCCGTTCCATGTTAA,8128.857160811449,6957.758217016093,291258127230.5534,0.7369309445714285
MMMMMddddddddddMMMMM,MOE/5-methylcytosines/deoxy,*******************,AGGCAGCCCCGGACTGCAAG,20769.47455459364,19693.128241551287,2.9378652766218404e+16,0.7142108224999999
MMMMMddddddddddMMMMM,MOE/5-methylcytosines/deoxy,*******************,GGCACCAAACTGAGACTTAA,0.0,0.0,0.0,0.6849667602857143
MMMMMddddddddddMMMMM,MOE/5-methylcytosines/deoxy,*******************,TTCTCGCTCTGCTAATTCTT,8025.447004951693,7374.798309729378,599159837.4923517,0.7399455289999999
MMMMMddddddddddMMMMM,MOE/5-methylcytosines/deoxy,*******************,ACTCAAACAAATCTTCTTCT,0.0,0.0,0.0,0.7153664572857144
MMMMMddddddddddMMMMM,MOE/5-methylcytosines/deoxy,*******************,TGCATTTTAAATTTGGCAAT,0.0,0.0,0.0,0.7418567464285715
MMMMMddddddddddMMMMM,MOE/5-methylcytosines/deoxy,*******************,GAAACTTGGGGCGCTTCTCC,10952.999057290217,10224.779746843928,5233599378.656277,0.7249338385714286
MMMMMddddddddddMMMMM,MOE/5-methylcytosines/deoxy,*******************,TCAAAGACACTCGGAGAGAC,488.19551842417945,154.64387570909088,0.0,0.7014824565714287
MMMMMddddddddddMMMMM,MOE/5-methylcytosines/deoxy,*******************,ATGCTTTCTTCCCCTACAAT,17237.124804856205,16263.959872472964,1954271746.4309878,0.7520877677857143
MMMMMddddddddddMMMMM,MOE/5-methylcytosines/deoxy,*******************,GGATCCACGGCTTTGGCCAA,9758.993569271664,9389.085523475742,5430140969.277145,0.7279746413571428
MMMMMddddddddddMMMMM,MOE/5-methylcytosines/deoxy,*******************,CCAGTTCCACCTTCTTTAGA,8438.061742198484,6801.826430395527,764356953.4261049,0.7285982480714285
MMMMMddddddddddMMMMM,MOE/5-methylcytosines/deoxy,*******************,TGATGTCAGGTTTGATGTTG,166.56170958863183,0.0,0.0,0.7518767976428571
MMMMMddddddddddMMMMM,MOE/5-methylcytosines/deoxy,*******************,CTGAGCAATCACTGCTTGCA,0.0,0.0,0.0,0.7285269397142857
MMMMMddddddddddMMMMM,MOE/5-methylcytosines/deoxy,*******************,AAATCCGAAGGTTTGAGCAT,0.0,0.0,0.0,0.7356379320714286
MMMMMddddddddddMMMMM,MOE/5-methylcytosines/deoxy,*******************,AATATCCCTCTGCTCTAGTT,10138.391154689014,9321.448525573498,0.0,0.7311294107857143
MMMMMddddddddddMMMMM,MOE/5-methylcytosines/deoxy,*******************,GTAACCAGGGCATTGATGAG,3865.4565630448783,2930.7535415905086,0.0,0.7328556382857142
MMMMMddddddddddMMMMM,MOE/5-methylcytosines/deoxy,*******************,TTGAACTGAGACAATGAATT,0.0,0.0,0.0,0.7436839135714285
MMMMMddddddddddMMMMM,MOE/5-methylcytosines/deoxy,*******************,GTCCCAGCGGCTGAGCCTTG,15590.500594668298,14178.5542098836,34498682512.52449,0.7121654379285715
MMMMMddddddddddMMMMM,MOE/5-methylcytosines/deoxy,*******************,TAATAATAATCCAAGCCCTT,6110.109384135266,5470.921608596423,2024465250.0289204,0.719752855142857
MMMMMddddddddddMMMMM,MOE/5-methylcytosines/deoxy,*******************,CTGATAACAAATCTGGACAT,0.0,0.0,0.0,0.7153664572857144
MMMMMddddddddddMMMMM,MOE/5-methylcytosines/deoxy,*******************,TGTTAACAGCTTGGGTCTCC,4967.9156142797965,3733.8135351722817,0.0,0.7205905147857143
MMMMMddddddddddMMMMM,MOE/5-methylcytosines/deoxy,*******************,TGTTGTAAACATCATATGCT,0.0,0.0,0.0,0.7156826367857142
MMMMMddddddddddMMMMM,MOE/5-methylcytosines/deoxy,*******************,CTATAGTGAGTCGTATTAAT,0.0,0.0,0.0,0.7354675689285715
MMMMMddddddddddMMMMM,MOE/5-methylcytosines/deoxy,*******************,ATAATTCTTTCCAAGCCATA,705.2497509247621,177.34515671939042,0.0,0.7400087442142856
MMMMMddddddddddMMMMM,MOE/5-methylcytosines/deoxy,*******************,GATCTTTAACCAATTCAATC,0.0,0.0,0.0,0.7202665366428571
MMMMMddddddddddMMMMM,MOE/5-methylcytosines/deoxy,*******************,TGGGTTAAATCTAAATCTAG,0.0,0.0,0.0,0.709145078357143
MMMMMddddddddddMMMMM,MOE/5-methylcytosines/deoxy,*******************,AATTAAGCTCCTTGGCGACT,9565.20383069195,8978.021417838994,649821190.978864,0.733890827
MMMMMddddddddddMMMMM,MOE/5-methylcytosines/deoxy,*******************,TTCTACAGAGACTTTACTAG,0.0,0.0,0.0,0.7307632785000001
MMMMMddddddddddMMMMM,MOE/5-methylcytosines/deoxy,*******************,ACTCTTGAACTGAGACAATG,0.0,0.0,0.0,0.7456005226428573
MMMMMddddddddddMMMMM,MOE/5-methylcytosines/deoxy,*******************,ATGACTTTATGTTGATTTTT,0.0,0.0,0.0,0.7701578680714285
MMMMMddddddddddMMMMM,MOE/5-methylcytosines/deoxy,*******************,CTCGGAGAGACTCCAGGCAT,6873.437561974921,5882.499319050989,0.0,0.7346823272142856
MMMMMddddddddddMMMMM,MOE/5-methylcytosines/deoxy,*******************,TCTAAAGGTTCCAAATCATC,0.0,0.0,0.0,0.7374566579285714
MMMMMddddddddddMMMMM,MOE/5-methylcytosines/deoxy,*******************,TTTCTTTTTTGATACTGAAG,0.0,0.0,0.0,0.7727233284285714
MMMMMddddddddddMMMMM,MOE/5-methylcytosines/deoxy,*******************,GCTTGCAAATGCAGTCTTCA,0.0,0.0,0.0,0.713885904857143
MMMMMddddddddddMMMMM,MOE/5-methylcytosines/deoxy,*******************,ACCCGAAAAGAGCTCAGGAA,0.0,0.0,0.0,0.720055152357143
MMMMMddddddddddMMMMM,MOE/5-methylcytosines/deoxy,*******************,AGGCCTCCAGCAGATTATCC,14764.813706218987,13593.263230908606,899080486.0807346,0.7132386321428571
MMMMMddddddddddMMMMM,MOE/5-methylcytosines/deoxy,*******************,AATAATAATCCAAGCCCTTC,7984.184131945135,7077.818843816713,2024465250.0289204,0.7088536206428572
MMMMMddddddddddMMMMM,MOE/5-methylcytosines/deoxy,*******************,TGTTGGGGGCCCTTCCTGCG,20379.2097004169,19201.582128650458,119234265658.30322,0.7228645017142857
MMMMMddddddddddMMMMM,MOE/5-methylcytosines/deoxy,*******************,GCCGGAGGCCTTCCACAATA,15164.715235253,13475.734377465702,18500687447740.664,0.7306155576428572
MMMMMddddddddddMMMMM,MOE/5-methylcytosines/deoxy,*******************,TTATAATTAAGCTCCTTGGC,8418.133424748343,7862.425250520771,649821190.978864,0.7343450100714285
MMMMMddddddddddMMMMM,MOE/5-methylcytosines/deoxy,*******************,AAGCTTCTAAAACTTCTTCA,0.0,0.0,0.0,0.7291939309285713
MMMMMddddddddddMMMMM,MOE/5-methylcytosines/deoxy,*******************,TTCAGGTTGGGAAGTGGAGG,3204.5524959288687,2884.695859725404,0.0,0.7335953933571427
MMMMMddddddddddMMMMM,MOE/5-methylcytosines/deoxy,*******************,TCTACCAGGAAATGAAGTAG,851.5485242932532,783.3365836752066,0.0,0.7383231929999999
MMMMMddddddddddMMMMM,MOE/5-methylcytosines/deoxy,*******************,CCACAGACACCTTCTTCACA,2884.237367331824,2677.526168543721,0.0,0.7230379740000001
MMMMMddddddddddMMMMM,MOE/5-methylcytosines/deoxy,*******************,ATACTCTGGTATAACTTTTC,0.0,0.0,0.0,0.7510536614999997
MMMMMddddddddddMMMMM,MOE/5-methylcytosines/deoxy,*******************,ACACTCGGAGAGACTCCAGG,2354.693834060817,1786.9388209346553,0.0,0.7318220281428572
MMMMMddddddddddMMMMM,MOE/5-methylcytosines/deoxy,*******************,CATACAAGCTACTTGCAGTT,0.0,0.0,0.0,0.7242954505714285
MMMMMddddddddddMMMMM,MOE/5-methylcytosines/deoxy,*******************,TTACACGCTTCCTTCTTCTC,4588.160210336914,4684.442279738165,0.0,0.7320304836428573
MMMMMddddddddddMMMMM,MOE/5-methylcytosines/deoxy,*******************,TGCCGTTCCATGTTAACAGC,3733.4103690615543,3052.4615244596416,399288513.56654423,0.7166258072142858
MMMMMddddddddddMMMMM,MOE/5-methylcytosines/deoxy,*******************,CTGAGCCTTGGGCCGGGTGG,19729.702930772044,18948.128112556788,47299521591914.05,0.7430466597857143
MMMMMddddddddddMMMMM,MOE/5-methylcytosines/deoxy,*******************,TCCTCGGGGCCACTGGGCGG,20388.259167386634,19268.939891336693,966579514989239.8,0.7280889762857142
MMMMMddddddddddMMMMM,MOE/5-methylcytosines/deoxy,*******************,TACACGCTTCCTTCTTCTCA,4613.57145220889,4695.645777066723,0.0,0.7326694732857142
MMMMMddddddddddMMMMM,MOE/5-methylcytosines/deoxy,*******************,AATGTGGTTCTGAAGTTATT,728.0026347966943,546.82436575271,0.0,0.7431721964285715
MMMMMddddddddddMMMMM,MOE/5-methylcytosines/deoxy,*******************,CATCTGCCTCAAATTCTTTT,8613.180958145904,7737.7871140402585,0.0,0.7148288642142856
MMMMMddddddddddMMMMM,MOE/5-methylcytosines/deoxy,*******************,GCCTCCAGCAGATTATCCAT,9057.72214547389,7423.8175428116665,0.0,0.732478011357143
MMMMMddddddddddMMMMM,MOE/5-methylcytosines/deoxy,*******************,GAACTGAGACAATGAATTTA,0.0,0.0,0.0,0.7393376487857143
MMMMMddddddddddMMMMM,MOE/5-methylcytosines/deoxy,*******************,CCAAACTGAGACTTAAAAGC,0.0,0.0,0.0,0.7338104462857142
MMMMMddddddddddMMMMM,MOE/5-methylcytosines/deoxy,*******************,AGGTGCTGCTGAGCAATCAC,2656.425004545424,2541.2562033011905,2024465250.0289204,0.7344921274285714
MMMMMddddddddddMMMMM,MOE/5-methylcytosines/deoxy,*******************,CACTCGGAGAGACTCCAGGC,6951.91398574232,5959.598700924919,0.0,0.7283212632142858
MMMMMddddddddddMMMMM,MOE/5-methylcytosines/deoxy,*******************,TCTGCAGACCCCATTTTCAG,14934.416116785473,14372.566994242521,2089402129.9273446,0.7529662638571429
MMMMMddddddddddMMMMM,MOE/5-methylcytosines/deoxy,*******************,AAAGACACTCGGAGAGACTC,488.19551842417945,154.64387570909088,0.0,0.7219972923571429
MMMMMddddddddddMMMMM,MOE/5-methylcytosines/deoxy,*******************,GTCTACAAACTGGGTTAAAT,0.0,0.0,0.0,0.6908826240714286
MMMMMddddddddddMMMMM,MOE/5-methylcytosines/deoxy,*******************,TTTCGTGTAACTTCGAAAGT,0.0,0.0,0.0,0.7564787052857144
MMMMMddddddddddMMMMM,MOE/5-methylcytosines/deoxy,*******************,AATCCACAACGCATAAATTC,0.0,0.0,0.0,0.7060037684999999
MMMMMddddddddddMMMMM,MOE/5-methylcytosines/deoxy,*******************,GGACATCTTTGTCACAAACT,0.0,0.0,0.0,0.7856586037142858
MMMMMddddddddddMMMMM,MOE/5-methylcytosines/deoxy,*******************,TCATATGGCACCCGAAAAGA,12401.392574816564,11702.1420079774,3351329605.2432,0.7463844614285715
MMMMMddddddddddMMMMM,MOE/5-methylcytosines/deoxy,*******************,TCATGCAAGTCCTCAGGAGG,3114.5629987711113,3095.86936102087,0.0,0.7702806175
MMMMMddddddddddMMMMM,MOE/5-methylcytosines/deoxy,*******************,TCAGGTTGGGAAGTGGAGGT,3247.2788047110034,2927.300908401304,0.0,0.7273266689285715
MMMMMddddddddddMMMMM,MOE/5-methylcytosines/deoxy,*******************,TTGTTCACCTGCTCTTCAAA,4723.579384176691,4137.4247527296275,0.0,0.7353502467142857
MMMMMddddddddddMMMMM,MOE/5-methylcytosines/deoxy,*******************,TATGCTGGCAAATTTGTCCA,0.0,0.0,0.0,0.7286868445714286
MMMMMddddddddddMMMMM,MOE/5-methylcytosines/deoxy,*******************,TCTTCAATATCTTCCTCTTC,1673.3395097223593,1405.397347046132,0.0,0.7330047478571429
MMMMMddddddddddMMMMM,MOE/5-methylcytosines/deoxy,*******************,ATCAAAGACTTTAAGTTGGA,0.0,0.0,0.0,0.7368026942142858
MMMMMddddddddddMMMMM,MOE/5-methylcytosines/deoxy,*******************,CTTCCAGGGTCAAGGAAGGC,4083.264518248542,3645.2381961986202,0.0,0.7339380924285714
MMMMMddddddddddMMMMM,MOE/5-methylcytosines/deoxy,*******************,AGCTCAGGAAGATTGAAAGG,0.0,0.0,0.0,0.7497759381428571
MMMMMddddddddddMMMMM,MOE/5-methylcytosines/deoxy,*******************,TCATCTGCAGACCCCATTTT,14863.17945862871,14313.004465906393,2089402129.9273446,0.747904753857143
MMMMMddddddddddMMMMM,MOE/5-methylcytosines/deoxy,*******************,AATTTGGCAATATCTCTTTC,0.0,0.0,0.0,0.7367718247857142
MMMMMddddddddddMMMMM,MOE/5-methylcytosines/deoxy,*******************,GTGGAGGCACAGGACCACTG,2748.233448906534,2378.0490086927975,0.0,0.7145240470714286
MMMMMddddddddddMMMMM,MOE/5-methylcytosines/deoxy,*******************,AATGTCTACAAACTGGGTTA,0.0,0.0,0.0,0.7229090737142858
MMMMMddddddddddMMMMM,MOE/5-methylcytosines/deoxy,*******************,ATCACAACCACAAACTGCTC,0.0,0.0,0.0,0.6961439022857144
MMMMMddddddddddMMMMM,MOE/5-methylcytosines/deoxy,*******************,CTCAAACAAATCTTCTTCTT,0.0,0.0,0.0,0.7245513711428572
MMMMMddddddddddMMMMM,MOE/5-methylcytosines/deoxy,*******************,CTGTCAATTTTTTTTTCTTC,0.0,0.0,0.0,0.7593407930714287
MMMMMddddddddddMMMMM,MOE/5-methylcytosines/deoxy,*******************,CTTTCCACCCAACTCACAGG,17232.448851625184,16504.70228335205,2326983114.6728487,0.6871591854285715
MMMMMddddddddddMMMMM,MOE/5-methylcytosines/deoxy,*******************,CAGGCTCCTCGGGGCCACTG,18842.78379122742,17177.799461137165,35109844569860.332,0.7249808512142856
MMMMMddddddddddMMMMM,MOE/5-methylcytosines/deoxy,*******************,ACACTCATCAATTAATTTGA,0.0,0.0,0.0,0.7138103054285713
MMMMMddddddddddMMMMM,MOE/5-methylcytosines/deoxy,*******************,ATGTTAACAGCTTGGGTCTC,2463.9608731604494,1899.412815781754,0.0,0.7258182030000001
MMMMMddddddddddMMMMM,MOE/5-methylcytosines/deoxy,*******************,AGCTTCTAAAACTTCTTCAA,0.0,0.0,0.0,0.7201210011428572
MMMMMddddddddddMMMMM,MOE/5-methylcytosines/deoxy,*******************,TTCGAATCAGCAAAAGATGC,0.0,0.0,0.0,0.7107627623571429
MMMMMddddddddddMMMMM,MOE/5-methylcytosines/deoxy,*******************,GAGAGAAGTTTAACCACATC,0.0,0.0,0.0,0.7466027014285714
MMMMMddddddddddMMMMM,MOE/5-methylcytosines/deoxy,*******************,GAAGGCAGCCCCGGACTGCA,20754.782631459333,19681.864454511062,2.9378652766218404e+16,0.7101131279999999
MMMMMddddddddddMMMMM,MOE/5-methylcytosines/deoxy,*******************,CTTCTAAAACTTCTTCAAGG,0.0,0.0,0.0,0.7121580719285715
MMMMMddddddddddMMMMM,MOE/5-methylcytosines/deoxy,*******************,TTTTCGTGTAACTTCGAAAG,0.0,0.0,0.0,0.7536692640000001
MMMMMddddddddddMMMMM,MOE/5-methylcytosines/deoxy,*******************,GAGTCCCAGCGGCTGAGCCT,15855.19358082241,14627.157381639388,34498682512.52449,0.7078556699999999
MMMMMddddddddddMMMMM,MOE/5-methylcytosines/deoxy,*******************,TGAGTGGCCAGTTCCACCTT,8680.776227816845,7180.957852370354,0.0,0.7534204275
MMMMMddddddddddMMMMM,MOE/5-methylcytosines/deoxy,*******************,AATAATCATTTCGAATCAGC,0.0,0.0,0.0,0.7485982033571428
MMMMMddddddddddMMMMM,MOE/5-methylcytosines/deoxy,*******************,TCTCATCACCCTCAGTCTTC,8973.664046894804,7703.718952130936,0.0,0.7191795725714286
MMMMMddddddddddMMMMM,MOE/5-methylcytosines/deoxy,*******************,TGCTTGCAAATGCAGTCTTC,0.0,0.0,0.0,0.6969114450000001
MMMMMddddddddddMMMMM,MOE/5-methylcytosines/deoxy,*******************,ATGCAAGTCCTCAGGAGGGG,5739.313065193573,5212.512637124267,0.0,0.7583662921428572
MMMMMddddddddddMMMMM,MOE/5-methylcytosines/deoxy,*******************,GCAAATTTGTCCAGCATATC,342.7571476233711,332.15861916507595,0.0,0.7740639133571428
MMMMMddddddddddMMMMM,MOE/5-methylcytosines/deoxy,*******************,TTAACCAATTCAATCTTCTC,0.0,0.0,0.0,0.7392856372857144
MMMMMddddddddddMMMMM,MOE/5-methylcytosines/deoxy,*******************,ACAACTTTTTCTTGGATTTT,0.0,0.0,0.0,0.7630311817857143
MMMMMddddddddddMMMMM,MOE/5-methylcytosines/deoxy,*******************,TTCTCAAGCTGTTGAAGCTG,0.0,0.0,0.0,0.7620639222142858
MMMMMddddddddddMMMMM,MOE/5-methylcytosines/deoxy,*******************,GATTTCTTCTCTTCAATATC,187.30373190655382,0.0,0.0,0.763593995
MMMMMddddddddddMMMMM,MOE/5-methylcytosines/deoxy,*******************,CTTGGGCCGGGTGGTGCAGC,19795.216182215645,18832.178167727157,303909344603937.44,0.7490718738571428
MMMMMddddddddddMMMMM,MOE/5-methylcytosines/deoxy,*******************,AAGGCAGTGGAGGCGGAGGA,12487.843839185936,11021.52423243265,0.0,0.7350745240714287
MMMMMddddddddddMMMMM,MOE/5-methylcytosines/deoxy,*******************,CAGGACCACTGAATGGCATC,578.6874260449636,724.2492849998014,0.0,0.7299729840714285
MMMMMddddddddddMMMMM,MOE/5-methylcytosines/deoxy,*******************,GGGGAGGTGGTGGAGGCACA,9680.271368798154,9191.405090752185,0.0,0.7454626846428571
MMMMMddddddddddMMMMM,MOE/5-methylcytosines/deoxy,*******************,AAGGTTCTGGGCAATTTTAG,1439.200368321293,1222.5168587913251,0.0,0.7406981022142858
MMMMMddddddddddMMMMM,MOE/5-methylcytosines/deoxy,*******************,GGCACCCCTCCACCAGAAGG,21521.71478400287,20364.7924225923,17917318683669.484,0.7273321040714285
MMMMMddddddddddMMMMM,MOE/5-methylcytosines/deoxy,*******************,TCTGGACATCTTTGTCACAA,0.0,0.0,0.0,0.7408696527142858
MMMMMddddddddddMMMMM,MOE/5-methylcytosines/deoxy,*******************,AAGGACAGTGGGAGTGGCAC,4388.834312758945,3824.5499359631035,54996348353.41781,0.7223442371428571
MMMMMddddddddddMMMMM,MOE/5-methylcytosines/deoxy,*******************,AAAGGCTCCTCTCCTCACTC,13822.642792068416,12391.282474902404,596656818923.9009,0.7439004532142857
MMMMMddddddddddMMMMM,MOE/5-methylcytosines/deoxy,*******************,AGTTCTCCATCATCTCTAAA,396.95972801938564,188.91455698692783,0.0,0.7423307888571429
MMMMMddddddddddMMMMM,MOE/5-methylcytosines/deoxy,*******************,CTGGGCAATTTTAGAATCTA,0.0,0.0,0.0,0.7372112467857141
MMMMMddddddddddMMMMM,MOE/5-methylcytosines/deoxy,*******************,GCCGTTCCATGTTAACAGCT,3506.5699839003714,2834.431416894865,399288513.56654423,0.7857403071428571
MMMMMddddddddddMMMMM,MOE/5-methylcytosines/deoxy,*******************,AGGTGGTGGAGGCACAGGAC,5922.4054336195195,5375.71970735504,0.0,0.7314888546428573
MMMMMddddddddddMMMMM,MOE/5-methylcytosines/deoxy,*******************,GTTCTGGGCAATTTTAGAAT,1022.3793171488696,839.4100286524242,0.0,0.7212178079285715
MMMMMddddddddddMMMMM,MOE/5-methylcytosines/deoxy,*******************,GAGTTGCAATTGATATTGTA,0.0,0.0,0.0,0.7125315382857142
MMMMMddddddddddMMMMM,MOE/5-methylcytosines/deoxy,*******************,CGCGGAGAGAGGCTGAGGAA,12070.117821903183,12121.399545398452,0.0,0.7161835762142857
MMMMMddddddddddMMMMM,MOE/5-methylcytosines/deoxy,*******************,ATTCTGACACGTTTTTCTTT,0.0,0.0,0.0,0.7579565322142857
MMMMMddddddddddMMMMM,MOE/5-methylcytosines/deoxy,*******************,CTCCTCGGGGCCACTGGGCG,20309.091787123787,19131.817361172107,13939018852649.72,0.7374864335000001
MMMMMddddddddddMMMMM,MOE/5-methylcytosines/deoxy,*******************,TCTTCAAACTCTTCTAGTTT,0.0,0.0,0.0,0.7148154242142857
MMMMMddddddddddMMMMM,MOE/5-methylcytosines/deoxy,*******************,TGCTAAAGCTTTTGCTCTTC,0.0,328.58816689020085,0.0,0.7424249887857144
MMMMMddddddddddMMMMM,MOE/5-methylcytosines/deoxy,*******************,GTCTTCAGGTTGGGAAGTGG,1968.527447837714,1686.7020905838194,0.0,0.7566831915714286
MMMMMddddddddddMMMMM,MOE/5-methylcytosines/deoxy,*******************,CATACCGCAGAGAGAAGTTT,331.0140826247048,164.86203950732494,0.0,0.7144980061428571
MMMMMddddddddddMMMMM,MOE/5-methylcytosines/deoxy,*******************,CTGCAAGGCCTCCAGCAGAT,14893.117658065179,13701.924831488474,899080486.0807346,0.7320923061428573
MMMMMddddddddddMMMMM,MOE/5-methylcytosines/deoxy,*******************,ATACCGCAGAGAGAAGTTTA,331.0140826247048,164.86203950732494,0.0,0.7176713082857142
MMMMMddddddddddMMMMM,MOE/5-methylcytosines/deoxy,*******************,ATAAAATATCCCTCTGCTCT,10066.772013306307,9278.196334813218,0.0,0.7375245175714286
MMMMMddddddddddMMMMM,MOE/5-methylcytosines/deoxy,*******************,CTTTTATCCAGAAACAGTTT,0.0,0.0,0.0,0.7343670184285714
MMMMMddddddddddMMMMM,MOE/5-methylcytosines/deoxy,*******************,TTCCTGGAAGTGGAGGAGGT,4607.792789827972,3694.985997063107,0.0,0.7345732528571428
MMMMMddddddddddMMMMM,MOE/5-methylcytosines/deoxy,*******************,CAATTCCTTCTCAAGCTGTT,581.9114293392884,380.89708250285105,0.0,0.7567383122857141
MMMMMddddddddddMMMMM,MOE/5-methylcytosines/deoxy,*******************,GACTTAAAAGCTTGTAGCTC,189.74728948050944,184.36820119505444,0.0,0.7082078093571429
MMMMMddddddddddMMMMM,MOE/5-methylcytosines/deoxy,*******************,GGGCCACTGGGCGGCGGAGG,19262.26312041445,18434.06039433892,99295482821283.8,0.7488695123571428
MMMMMddddddddddMMMMM,MOE/5-methylcytosines/deoxy,*******************,ATTACACGCTTCCTTCTTCT,4310.475601831838,4430.552847114528,0.0,0.7289128757857144
MMMMMddddddddddMMMMM,MOE/5-methylcytosines/deoxy,*******************,TCATCACCCTCAGTCTTCAT,8936.477149651795,7679.8551848008865,0.0,0.713453536857143
MMMMMddddddddddMMMMM,MOE/5-methylcytosines/deoxy,*******************,TTATAAAGCTCGTAATCTTG,0.0,0.0,0.0,0.7201688217142858
MMMMMddddddddddMMMMM,MOE/5-methylcytosines/deoxy,*******************,GAATTTTGTCCTCCAAGGAA,6263.57343901432,4955.8325933808355,3037849146.677479,0.7863427741428571
MMMMMddddddddddMMMMM,MOE/5-methylcytosines/deoxy,*******************,AATTTCGATAAGCCAGTAAG,0.0,0.0,0.0,0.7321357621428571
MMMMMddddddddddMMMMM,MOE/5-methylcytosines/deoxy,*******************,AAGGCAGCCCCGGACTGCAA,20754.423994450222,19682.583375795635,2.9378652766218404e+16,0.7235779094285714
MMMMMddddddddddMMMMM,MOE/5-methylcytosines/deoxy,*******************,TCGGAGAGACTCCAGGCATG,8517.14884474576,7664.756445757353,0.0,0.7470658907857144
MMMMMddddddddddMMMMM,MOE/5-methylcytosines/deoxy,*******************,AACAGGCCTCTGAGACATTG,7398.643119835447,6399.440506805995,0.0,0.7171096002857144
MMMMMddddddddddMMMMM,MOE/5-methylcytosines/deoxy,*******************,CATCAAGTTCAGCTCTAATA,0.0,0.0,0.0,0.7463452788571429
MMMMMddddddddddMMMMM,MOE/5-methylcytosines/deoxy,*******************,ATATTGGGGTGTCTGGGATC,4459.8458987972235,3759.0191308639446,0.0,0.7725302805714287
MMMMMddddddddddMMMMM,MOE/5-methylcytosines/deoxy,*******************,ATATGGCACCCGAAAAGAGC,12394.906100054108,11702.1420079774,3351329605.2432,0.7006296644285713
MMMMMddddddddddMMMMM,MOE/5-methylcytosines/deoxy,*******************,ACTTGCTAAAGCTTTTGCTC,0.0,162.61414866387338,0.0,0.7219224302142857
MMMMMddddddddddMMMMM,MOE/5-methylcytosines/deoxy,*******************,AGACTTTAAGTTGGATATCC,0.0,0.0,0.0,0.7418878272142857
MMMMMddddddddddMMMMM,MOE/5-methylcytosines/deoxy,*******************,TCATTTTTAGAAAAAGAGCC,0.0,0.0,0.0,0.7345842490714285
MMMMMddddddddddMMMMM,MOE/5-methylcytosines/deoxy,*******************,TAAAGAGAATAGCACTGAGC,0.0,0.0,0.0,0.7283038932142858
MMMMMddddddddddMMMMM,MOE/5-methylcytosines/deoxy,*******************,AACATCATATGCTTCATCAA,0.0,0.0,0.0,0.7366755784285715
MMMMMddddddddddMMMMM,MOE/5-methylcytosines/deoxy,*******************,TTATGCTCATCAAAGACTTT,0.0,0.0,0.0,0.7241858307857143
MMMMMddddddddddMMMMM,MOE/5-methylcytosines/deoxy,*******************,TTTTGCACTGATAACAAATC,0.0,0.0,0.0,0.7529463719285714
MMMMMddddddddddMMMMM,MOE/5-methylcytosines/deoxy,*******************,AGATGTAACCAGGGCATTGA,3865.4565630448783,2930.7535415905086,0.0,0.7166322987857142
MMMMMddddddddddMMMMM,MOE/5-methylcytosines/deoxy,*******************,GCTTGAAGCTCATTAATCTT,0.0,0.0,0.0,0.7226987807857143
MMMMMddddddddddMMMMM,MOE/5-methylcytosines/deoxy,*******************,TTCAGAACAGGCCTCTGAGA,7750.134118429555,6738.828073729497,0.0,0.7324263042857143
MMMMMddddddddddMMMMM,MOE/5-methylcytosines/deoxy,*******************,CTGGGTTAAATCTAAATCTA,0.0,0.0,0.0,0.7413074805714286
MMMMMddddddddddMMMMM,MOE/5-methylcytosines/deoxy,*******************,AAGCTGTTGAAGCTGCCTTC,2533.6362110013997,1720.4953751256835,5361970647.619544,0.7704690950714285
MMMMMddddddddddMMMMM,MOE/5-methylcytosines/deoxy,*******************,TTCACCTGCTCTTCAAACTG,4683.797148567141,4102.943624642864,0.0,0.7462514910714285
MMMMMddddddddddMMMMM,MOE/5-methylcytosines/deoxy,*******************,AAATTCTTTCTTTGGTTTCA,183.60951857124917,181.49866944138043,0.0,0.747564518
MMMMMddddddddddMMMMM,MOE/5-methylcytosines/deoxy,*******************,AGCCCCGGACTGCAAGGCCT,20300.91771140701,19156.68953594372,140738836245529.47,0.7378516776428573
MMMMMddddddddddMMMMM,MOE/5-methylcytosines/deoxy,*******************,TTTACTAGCTTTGTCTAAAG,0.0,0.0,0.0,0.7311850175714285
MMMMMddddddddddMMMMM,MOE/5-methylcytosines/deoxy,*******************,AGCTTTCCACCCAACTCACA,17275.911209058082,16502.038489481598,2326983114.6728487,0.7060161989999999
MMMMMddddddddddMMMMM,MOE/5-methylcytosines/deoxy,*******************,TGAAGCTGCCTTCCCATCTG,14943.676581966003,13456.895957499217,683660783160.2563,0.7368432211428573
MMMMMddddddddddMMMMM,MOE/5-methylcytosines/deoxy,*******************,CTGATTTCAGGTTTAAATTC,0.0,0.0,0.0,0.7629713232142857
MMMMMddddddddddMMMMM,MOE/5-methylcytosines/deoxy,*******************,CATCTACTTCCAATATCATC,166.6013823716573,0.0,0.0,0.714484521857143
MMMMMddddddddddMMMMM,MOE/5-methylcytosines/deoxy,*******************,CAGGTCAGTAAGAAAGTCTT,0.0,0.0,0.0,0.7162733172857142
MMMMMddddddddddMMMMM,MOE/5-methylcytosines/deoxy,*******************,ATATCTTCCATCATTTTTTC,0.0,0.0,0.0,0.7316655136428573
MMMMMddddddddddMMMMM,MOE/5-methylcytosines/deoxy,*******************,GTTTTTCCAAAATGTCTAAT,0.0,0.0,0.0,0.715518704
MMMMMddddddddddMMMMM,MOE/5-methylcytosines/deoxy,*******************,TTTTCTTCACCAGCTGAAGT,3708.9306549714265,2631.9264524664577,0.0,0.7282020408571429
MMMMMddddddddddMMMMM,MOE/5-methylcytosines/deoxy,*******************,ATTTCTTGTAAAGTTCTGAT,0.0,0.0,0.0,0.7651347232142858
MMMMMddddddddddMMMMM,MOE/5-methylcytosines/deoxy,*******************,TGGGCAATTTTAGAATCTAA,0.0,0.0,0.0,0.7323838758571429
MMMMMddddddddddMMMMM,MOE/5-methylcytosines/deoxy,*******************,TTTGCACTGATAACAAATCT,0.0,0.0,0.0,0.7453894525714285
MMMMMddddddddddMMMMM,MOE/5-methylcytosines/deoxy,*******************,ATCCAAATCATCAGGAGATG,0.0,0.0,0.0,0.7138111643571429
MMMMMddddddddddMMMMM,MOE/5-methylcytosines/deoxy,*******************,AGGAAAGGCTCCTCTCCTCA,13247.407564086989,11870.646709177992,596656818923.9009,0.7335458279285715
MMMMMddddddddddMMMMM,MOE/5-methylcytosines/deoxy,*******************,CCCCGGACTGCAAGGCCTCC,20504.861167001083,19068.97743134309,4187965144941.038,0.7206153927857145
MMMMMddddddddddMMMMM,MOE/5-methylcytosines/deoxy,*******************,TTTTCATTTACTTTTATCCA,0.0,0.0,0.0,0.7383600565714286
MMMMMddddddddddMMMMM,MOE/5-methylcytosines/deoxy,*******************,AATTCATATCTTCCATCATT,0.0,0.0,0.0,0.7307312259285714
MMMMMddddddddddMMMMM,MOE/5-methylcytosines/deoxy,*******************,GGCGGAGGGTGTTGGGGGCC,15231.343379356336,14234.033522408,4451038310804.72,0.7714116774285714
MMMMMddddddddddMMMMM,MOE/5-methylcytosines/deoxy,*******************,TCAAAAAGTTCTAAGAGTTC,0.0,0.0,0.0,0.7398140367142858
MMMMMddddddddddMMMMM,MOE/5-methylcytosines/deoxy,*******************,ATGAAACTTGGGGCGCTTCT,9597.10974460205,8777.319513849963,5233599378.656277,0.7343156218571429
MMMMMddddddddddMMMMM,MOE/5-methylcytosines/deoxy,*******************,GGCAAAGGAATATTACAATC,0.0,0.0,0.0,0.7315000857142858
MMMMMddddddddddMMMMM,MOE/5-methylcytosines/deoxy,*******************,TTCATCAAGTTCAGCTCTAA,0.0,0.0,0.0,0.7569701015000001
MMMMMddddddddddMMMMM,MOE/5-methylcytosines/deoxy,*******************,GAACAGGCCTCTGAGACATT,7394.657260438676,6399.440506805995,0.0,0.7231427693571428
MMMMMddddddddddMMMMM,MOE/5-methylcytosines/deoxy,*******************,ACGGCTTTGGCCAATAAGGA,3447.0001617854577,2980.324484972196,0.0,0.741828626357143
MMMMMddddddddddMMMMM,MOE/5-methylcytosines/deoxy,*******************,GGGGAAAGGTTTCCAATTCC,0.0,0.0,0.0,0.7488933787142857
MMMMMddddddddddMMMMM,MOE/5-methylcytosines/deoxy,*******************,GGAGGTGGTGGAGGCACAGG,6280.684802022726,5716.940412179072,0.0,0.7426948007142858
MMMMMddddddddddMMMMM,MOE/5-methylcytosines/deoxy,*******************,CGGAGGAGGAAGTGCTGAGT,909.9000817616339,345.79127507968155,0.0,0.733909062142857
MMMMMddddddddddMMMMM,MOE/5-methylcytosines/deoxy,*******************,TGTCAATTTTTTTTTCTTCA,0.0,0.0,0.0,0.762645351
MMMMMddddddddddMMMMM,MOE/5-methylcytosines/deoxy,*******************,GAGCTCAGGAAGATTGAAAG,0.0,0.0,0.0,0.7437897860714285
MMMMMddddddddddMMMMM,MOE/5-methylcytosines/deoxy,*******************,GAAAGGTTCTGGGCAATTTT,1439.200368321293,1222.5168587913251,0.0,0.7415761504999999
MMMMMddddddddddMMMMM,MOE/5-methylcytosines/deoxy,*******************,ATCCACAAAATTCAGTATAT,0.0,0.0,0.0,0.713286622
MMMMMddddddddddMMMMM,MOE/5-methylcytosines/deoxy,*******************,AGAACAGGCCTCTGAGACAT,7595.213328735109,6586.923053325585,0.0,0.7316189839285715
MMMMMddddddddddMMMMM,MOE/5-methylcytosines/deoxy,*******************,GTATTGTTGCCTTATAAAAT,0.0,0.0,0.0,0.747830732642857
MMMMMddddddddddMMMMM,MOE/5-methylcytosines/deoxy,*******************,TCACATCAATGGCATAGTAT,0.0,0.0,0.0,0.7305551298571428
MMMMMddddddddddMMMMM,MOE/5-methylcytosines/deoxy,*******************,CCTGAAATCCAAATCATCAG,0.0,0.0,0.0,0.6997419476428572
MMMMMddddddddddMMMMM,MOE/5-methylcytosines/deoxy,*******************,GCAGCCCCGGACTGCAAGGC,20517.177929129335,19497.185538353013,2.9378652766218404e+16,0.7576982973571429
MMMMMddddddddddMMMMM,MOE/5-methylcytosines/deoxy,*******************,TTATGCTGGCAAATTTGTCC,0.0,0.0,0.0,0.7360088744285714
MMMMMddddddddddMMMMM,MOE/5-methylcytosines/deoxy,*******************,GTTATTCAGGTCAGTAAGAA,0.0,0.0,0.0,0.7607681001428572
MMMMMddddddddddMMMMM,MOE/5-methylcytosines/deoxy,*******************,GACACTCGGAGAGACTCCAG,824.9236982157206,325.54481776247167,0.0,0.7330430864285714
MMMMMddddddddddMMMMM,MOE/5-methylcytosines/deoxy,*******************,CAGTCTTCAGGTTGGGAAGT,1073.4344461849957,666.0658404402296,0.0,0.7629713232142857
MMMMMddddddddddMMMMM,MOE/5-methylcytosines/deoxy,*******************,CTTTAGAGGGAGGCAAAGGA,1318.4950315964918,1063.60116628043,0.0,0.7255662846428569
MMMMMddddddddddMMMMM,MOE/5-methylcytosines/deoxy,*******************,ACAGGACCACTGAATGGCAT,563.5850555804087,517.9244184964398,0.0,0.7039524119285714
MMMMMddddddddddMMMMM,MOE/5-methylcytosines/deoxy,*******************,AATGCATTTTAAATTTGGCA,0.0,0.0,0.0,0.7386897402857143
MMMMMddddddddddMMMMM,MOE/5-methylcytosines/deoxy,*******************,TGTCCTCCAAGGAATCCCAG,6919.68378995131,5687.765493140656,3037849146.677479,0.727569335
MMMMMddddddddddMMMMM,MOE/5-methylcytosines/deoxy,*******************,AGGAGAATTTTGTCCTCCAA,5742.253376773943,4340.414169609629,3037849146.677479,0.7458426912857142
MMMMMddddddddddMMMMM,MOE/5-methylcytosines/deoxy,*******************,GATGTAACCAGGGCATTGAT,3865.4565630448783,2930.7535415905086,0.0,0.6998300835714286
MMMMMddddddddddMMMMM,MOE/5-methylcytosines/deoxy,*******************,GAGGAGGAAGTGCTGAGTGG,180.17101339822884,184.65763532967222,0.0,0.7345732528571428
MMMMMddddddddddMMMMM,MOE/5-methylcytosines/deoxy,*******************,AAAAGAGCCAAGAAGTTCCG,0.0,0.0,0.0,0.7150287281428571
MMMMMddddddddddMMMMM,MOE/5-methylcytosines/deoxy,*******************,GGTTGGGAAGTGGAGGTCTC,3081.4564630236478,2784.853760008344,0.0,0.7345732528571428
MMMMMddddddddddMMMMM,MOE/5-methylcytosines/deoxy,*******************,TATTCTGACACGTTTTTCTT,0.0,0.0,0.0,0.7582591361428573
MMMMMddddddddddMMMMM,MOE/5-methylcytosines/deoxy,*******************,CAAAGCAAATCCACGTTTTC,0.0,0.0,0.0,0.7310698855714285
MMMMMddddddddddMMMMM,MOE/5-methylcytosines/deoxy,*******************,AGTTTACAGAGAGAGCTAAG,0.0,0.0,0.0,0.7155705403571428
MMMMMddddddddddMMMMM,MOE/5-methylcytosines/deoxy,*******************,CACCCAACTCACAGGATTGC,2195.4144897050683,1723.890335683927,0.0,0.7086639892142857
MMMMMddddddddddMMMMM,MOE/5-methylcytosines/deoxy,*******************,TTCTCTTTTTTTGATATTCT,0.0,0.0,0.0,0.7603542967857143
MMMMMddddddddddMMMMM,MOE/5-methylcytosines/deoxy,*******************,AATGGCAGGATTGGTAGAGG,178.31248842854637,176.38400921379323,0.0,0.7507221905714285
MMMMMddddddddddMMMMM,MOE/5-methylcytosines/deoxy,*******************,GAGGAGGTGGAGGCGGCACC,15540.682572177398,14159.48049599624,5361970647.619544,0.7442224483571428
MMMMMddddddddddMMMMM,MOE/5-methylcytosines/deoxy,*******************,CGGCAGCCGCGGAGAGAGGC,14685.004105713344,13766.276957140832,891970543643.9205,0.7216613772142857
MMMMMddddddddddMMMMM,MOE/5-methylcytosines/deoxy,*******************,ACATCTTTGTCACAAACTTG,0.0,0.0,0.0,0.7670071587857142
MMMMMddddddddddMMMMM,MOE/5-methylcytosines/deoxy,*******************,AGTCTTCCACAGACACCTTC,1129.3921957660466,727.3502259074497,0.0,0.6993603196428572
MMMMMddddddddddMMMMM,MOE/5-methylcytosines/deoxy,*******************,AAAGTTCTCCATCATCTCTA,396.95972801938564,188.91455698692783,0.0,0.7326767471428572
MMMMMddddddddddMMMMM,MOE/5-methylcytosines/deoxy,*******************,CCGCGGAGAGAGGCTGAGGA,15068.983198479102,15045.669129865077,4752394686.458561,0.7133741349285715
MMMMMddddddddddMMMMM,MOE/5-methylcytosines/deoxy,*******************,CTTCTCAAGCTGTTGAAGCT,0.0,0.0,0.0,0.7378029179285713
MMMMMddddddddddMMMMM,MOE/5-methylcytosines/deoxy,*******************,CATATCTTCCATCATTTTTT,0.0,0.0,0.0,0.7257328710714287
MMMMMddddddddddMMMMM,MOE/5-methylcytosines/deoxy,*******************,GGCAGCCGCGGAGAGAGGCT,13893.152066743276,12987.577607128955,763128502238.7434,0.7225761034999999
MMMMMddddddddddMMMMM,MOE/5-methylcytosines/deoxy,*******************,TAATTAAGCTCCTTGGCGAC,9533.468389830381,8960.496656634667,649821190.978864,0.7242954505714285
MMMMMddddddddddMMMMM,MOE/5-methylcytosines/deoxy,*******************,CTGAAATCCAAATCATCAGG,0.0,0.0,0.0,0.7009160662142857
MMMMMddddddddddMMMMM,MOE/5-methylcytosines/deoxy,*******************,TGGAGGCACAGGACCACTGA,2743.134308349757,2373.2306916030666,0.0,0.7023517491428571
MMMMMddddddddddMMMMM,MOE/5-methylcytosines/deoxy,*******************,TCTTCCACAGACACCTTCTT,939.293872957971,728.3871472628284,0.0,0.734788691857143
MMMMMddddddddddMMMMM,MOE/5-methylcytosines/deoxy,*******************,ACTTAAAAGCTTGTAGCTCT,189.74728948050944,184.36820119505444,0.0,0.7093819279285715
MMMMMddddddddddMMMMM,MOE/5-methylcytosines/deoxy,*******************,ATTCATATCTTCCATCATTT,0.0,0.0,0.0,0.7345161456428572
MMMMMddddddddddMMMMM,MOE/5-methylcytosines/deoxy,*******************,AGGTGGAGGCGGCACCCCTC,19907.038670818583,18825.8794545819,445779417793911.44,0.7232002130714286
MMMMMddddddddddMMMMM,MOE/5-methylcytosines/deoxy,*******************,ATTTCGATAAGCCAGTAAGC,0.0,0.0,0.0,0.7245381017857143
MMMMMddddddddddMMMMM,MOE/5-methylcytosines/deoxy,*******************,AGTTATTCAGGTCAGTAAGA,0.0,0.0,0.0,0.7619891584285714
MMMMMddddddddddMMMMM,MOE/5-methylcytosines/deoxy,*******************,GGAGGAGGTGGAGGCGGCAC,14334.897310914648,13267.370141442778,61003838740104.28,0.7421994127857143
MMMMMddddddddddMMMMM,MOE/5-methylcytosines/deoxy,*******************,TAAGAAAGTCTTCCACAGAC,726.919787058936,332.67971888234746,0.0,0.7581108384285714
MMMMMddddddddddMMMMM,MOE/5-methylcytosines/deoxy,*******************,CTGCTTGCAAATGCAGTCTT,0.0,0.0,0.0,0.733814001
MMMMMddddddddddMMMMM,MOE/5-methylcytosines/deoxy,*******************,CATCACTCCTGTCTCATCAC,6682.30062447817,5753.157758468273,1349132017.6504462,0.7650009320000001
MMMMMddddddddddMMMMM,MOE/5-methylcytosines/deoxy,*******************,TGGGGCGCTTCTCCCCAGGC,20797.138270708245,19648.13157675659,22568616816705.81,0.7512127275714285
MMMMMddddddddddMMMMM,MOE/5-methylcytosines/deoxy,*******************,GAGCCTTGGGCCGGGTGGTG,20414.90097448656,19575.18116177063,82637178230529.64,0.730819465642857
MMMMMddddddddddMMMMM,MOE/5-methylcytosines/deoxy,*******************,AGGCTCCTCTCCTCACTCAT,13846.960334882622,12404.151189254691,596656818923.9009,0.7410562837857143
MMMMMddddddddddMMMMM,MOE/5-methylcytosines/deoxy,*******************,TATCTTCCTCTTCTCTTCTC,4555.790428422577,3930.9701299591216,0.0,0.7539521285
MMMMMddddddddddMMMMM,MOE/5-methylcytosines/deoxy,*******************,TTGGTAGAGGAGGAGAATTT,372.8160685965833,374.05094059175514,0.0,0.7240181036428572
MMMMMddddddddddMMMMM,MOE/5-methylcytosines/deoxy,*******************,TCCAGCAACTTGCTAAAGCT,233.15724244540417,238.33410812510417,0.0,0.724868256
MMMMMddddddddddMMMMM,MOE/5-methylcytosines/deoxy,*******************,TCTTTAGAGGGAGGCAAAGG,1318.4950315964918,1063.60116628043,0.0,0.7243921660714286
MMMMMddddddddddMMMMM,MOE/5-methylcytosines/deoxy,*******************,AATTTAATTGCTCTTGATCA,383.1833329365601,190.39261549998628,0.0,0.7364397450714285
MMMMMddddddddddMMMMM,MOE/5-methylcytosines/deoxy,*******************,CAGGGTCAAGGAAGGCACGG,3821.4546861958293,2994.232015463301,1409532327.8425782,0.7269612105000001
MMMMMddddddddddMMMMM,MOE/5-methylcytosines/deoxy,*******************,AAAGCTTTTGCTCTTCTTTA,0.0,328.58816689020085,0.0,0.7526649380714285
MMMMMddddddddddMMMMM,MOE/5-methylcytosines/deoxy,*******************,TTTCAGAACAGGCCTCTGAG,7708.241343884928,6688.768765145049,0.0,0.7073832137857143
MMMMMddddddddddMMMMM,MOE/5-methylcytosines/deoxy,*******************,TCTTTTTCAAATTTCTTGTA,0.0,0.0,0.0,0.7253469022142857
MMMMMddddddddddMMMMM,MOE/5-methylcytosines/deoxy,*******************,ATATCTTCCTCTTCTCTTCT,4529.770463261873,3745.434608953129,0.0,0.7339139781428571
MMMMMddddddddddMMMMM,MOE/5-methylcytosines/deoxy,*******************,CACTAATCAGTTTTTCCAAA,0.0,0.0,0.0,0.7444023857142857
MMMMMddddddddddMMMMM,MOE/5-methylcytosines/deoxy,*******************,TTGGGCCGGGTGGTGCAGCC,20157.91005299735,19079.807149564203,451422545256118.1,0.7417434177142856
MMMMMddddddddddMMMMM,MOE/5-methylcytosines/deoxy,*******************,GCACCAAACTGAGACTTAAA,0.0,0.0,0.0,0.7165644630000001
MMMMMddddddddddMMMMM,MOE/5-methylcytosines/deoxy,*******************,TTATTGCTTGCATGAATGTG,0.0,0.0,0.0,0.7416710339285713
MMMMMddddddddddMMMMM,MOE/5-methylcytosines/deoxy,*******************,GGAAGGCAGCCCCGGACTGC,20740.30043118341,19650.4140739092,2.3059844465509572e+16,0.7178687762142857
MMMMMddddddddddMMMMM,MOE/5-methylcytosines/deoxy,*******************,CCATCATTTTTTCAAAAAGT,0.0,0.0,0.0,0.7616631862142856
MMMMMddddddddddMMMMM,MOE/5-methylcytosines/deoxy,*******************,TAATTTCGATAAGCCAGTAA,0.0,0.0,0.0,0.7425643262857143
MMMMMddddddddddMMMMM,MOE/5-methylcytosines/deoxy,*******************,GCCTTGGGCCGGGTGGTGCA,20129.788718329804,19279.990011501195,156395738939234.53,0.7161789270714287
MMMMMddddddddddMMMMM,MOE/5-methylcytosines/deoxy,*******************,CACCAGCTGAAGTTAAAGCT,1576.9267839154822,822.4596408519978,0.0,0.742586988
MMMMMddddddddddMMMMM,MOE/5-methylcytosines/deoxy,*******************,TGCTTGAAGCTCATTAATCT,0.0,0.0,0.0,0.7304544289999999
MMMMMddddddddddMMMMM,MOE/5-methylcytosines/deoxy,*******************,TCAGTCTTCATTTCTAATAA,0.0,0.0,0.0,0.7586151587857142
MMMMMddddddddddMMMMM,MOE/5-methylcytosines/deoxy,*******************,ACAAATCTGGACATCTTTGT,0.0,0.0,0.0,0.7748095285714287
MMMMMddddddddddMMMMM,MOE/5-methylcytosines/deoxy,*******************,ATGTAACCAGGGCATTGATG,3865.4565630448783,2930.7535415905086,0.0,0.7373592160000001
MMMMMddddddddddMMMMM,MOE/5-methylcytosines/deoxy,*******************,CCTCTCCTCACTCATAATTC,12166.776594946137,10630.00146946138,865771668.2108878,0.7137458474285714
MMMMMddddddddddMMMMM,MOE/5-methylcytosines/deoxy,*******************,GCGGAGGGTGTTGGGGGCCC,17154.816499376306,16190.425571681933,1290045862819.3882,0.7661839892142857
MMMMMddddddddddMMMMM,MOE/5-methylcytosines/deoxy,*******************,TTCTTTATGCTCATCAAAGA,0.0,0.0,0.0,0.7395979995714285
MMMMMddddddddddMMMMM,MOE/5-methylcytosines/deoxy,*******************,GGGATAACTCAAACAAATCT,0.0,0.0,0.0,0.7039970583571428
MMMMMddddddddddMMMMM,MOE/5-methylcytosines/deoxy,*******************,TCAATATCTTCCTCTTCTCT,4103.352053534679,3530.1260643271976,0.0,0.7361034838571427
MMMMMddddddddddMMMMM,MOE/5-methylcytosines/deoxy,*******************,TGCTCATCAAAGACTTTAAG,0.0,0.0,0.0,0.7013219134285713
MMMMMddddddddddMMMMM,MOE/5-methylcytosines/deoxy,*******************,ACTTTATGTTGATTTTTCTT,0.0,0.0,0.0,0.7794152312857142
MMMMMddddddddddMMMMM,MOE/5-methylcytosines/deoxy,*******************,AGGGTAGGGAGTCCCAGCGG,14197.920515926997,12937.051363522824,33035476002.94512,0.7532539973571428
MMMMMddddddddddMMMMM,MOE/5-methylcytosines/deoxy,*******************,TTTAAATTCTTTCTTTGGTT,183.60951857124917,181.49866944138043,0.0,0.739125475
MMMMMddddddddddMMMMM,MOE/5-methylcytosines/deoxy,*******************,TTGCTAAAGCTTTTGCTCTT,0.0,328.58816689020085,0.0,0.7147263237857142
MMMMMddddddddddMMMMM,MOE/5-methylcytosines/deoxy,*******************,AGGAGGTGGAGGCGGCACCC,17060.091150949796,15664.502364032935,599507194120.981,0.7415930384999998
MMMMMddddddddddMMMMM,MOE/5-methylcytosines/deoxy,*******************,TAATAATCCAAGCCCTTCAT,8801.32057871485,7868.197952876018,2623625087.521272,0.70451908
MMMMMddddddddddMMMMM,MOE/5-methylcytosines/deoxy,*******************,TTATTAGGAAAGGACAGTGG,347.81066027775,356.00340242474385,0.0,0.726399943
MMMMMddddddddddMMMMM,MOE/5-methylcytosines/deoxy,*******************,GATAACAAATCTGGACATCT,0.0,0.0,0.0,0.7113128876428573
MMMMMddddddddddMMMMM,MOE/5-methylcytosines/deoxy,*******************,CTCCTCACTCATAATTCTTT,2330.9820855871094,1681.9915093444095,0.0,0.7085685829285716
MMMMMddddddddddMMMMM,MOE/5-methylcytosines/deoxy,*******************,AATTCCTGAGGTGAGATCTG,5445.4219122846225,4276.371453666745,509378187.0378747,0.7371218743571429
MMMMMddddddddddMMMMM,MOE/5-methylcytosines/deoxy,*******************,ACTTGCAGTTGAACTGAATT,0.0,0.0,0.0,0.7623221993571427
MMMMMddddddddddMMMMM,MOE/5-methylcytosines/deoxy,*******************,TTTCTACAGAGACTTTACTA,0.0,0.0,0.0,0.7330543327142857
MMMMMddddddddddMMMMM,MOE/5-methylcytosines/deoxy,*******************,CCGCGGCTGGTGCCGTTCCA,16767.393211102877,15537.045273367661,700376421231843.1,0.7499967367857144
MMMMMddddddddddMMMMM,MOE/5-methylcytosines/deoxy,*******************,TCACAAACTTGTCATGCAAG,0.0,0.0,0.0,0.7881535207857144
MMMMMddddddddddMMMMM,MOE/5-methylcytosines/deoxy,*******************,CGCTCTGCTAATTCTTTAGC,2138.360081368814,1896.0598444016498,0.0,0.7440256661428571
MMMMMddddddddddMMMMM,MOE/5-methylcytosines/deoxy,*******************,TTAAAAGCTTGTAGCTCTGC,566.0338768799529,190.94486388125165,0.0,0.7811638475714285
MMMMMddddddddddMMMMM,MOE/5-methylcytosines/deoxy,*******************,TTTACAACTTTTTCTTGGAT,0.0,0.0,0.0,0.7694967521428572
MMMMMddddddddddMMMMM,MOE/5-methylcytosines/deoxy,*******************,TCTCCTCACTCATAATTCTT,3413.600748180636,2882.0127801885733,0.0,0.7135652941428571
MMMMMddddddddddMMMMM,MOE/5-methylcytosines/deoxy,*******************,TCAGAACAGGCCTCTGAGAC,7764.969622783016,6757.050908693451,0.0,0.7301352500714288
MMMMMddddddddddMMMMM,MOE/5-methylcytosines/deoxy,*******************,TCTTTTTGTTGGCAACAAAA,0.0,176.5331454684811,0.0,0.7872050176428571
MMMMMddddddddddMMMMM,MOE/5-methylcytosines/deoxy,*******************,AAGTCTTCCACAGACACCTT,944.9470826553672,548.3490130201482,0.0,0.714177658
MMMMMddddddddddMMMMM,MOE/5-methylcytosines/deoxy,*******************,GCAAAGGAATATTACAATCA,0.0,0.0,0.0,0.7393219185714285
MMMMMddddddddddMMMMM,MOE/5-methylcytosines/deoxy,*******************,CACCCTCAGTCTTCATTTCT,5826.862211648058,4863.117213241882,0.0,0.7486433676428571
MMMMMddddddddddMMMMM,MOE/5-methylcytosines/deoxy,*******************,GCACCCCTCCACCAGAAGGC,21351.128995138548,20227.47085020757,8058571592506.54,0.7260238513571429
MMMMMddddddddddMMMMM,MOE/5-methylcytosines/deoxy,*******************,CACTGGGCGGCGGAGGGTGT,18808.56973798621,17690.446222325227,23052958035150.457,0.7095363858571427
MMMMMddddddddddMMMMM,MOE/5-methylcytosines/deoxy,*******************,AGGGTGTTGGGGGCCCTTCC,18743.81997418909,17767.036633284162,1320286927586.511,0.7454882116428571
MMMMMddddddddddMMMMM,MOE/5-methylcytosines/deoxy,*******************,GATGGGATAACTCAAACAAA,0.0,0.0,0.0,0.7169478357142859
MMMMMddddddddddMMMMM,MOE/5-methylcytosines/deoxy,*******************,GTGCAGCCGCGGCTGGTGCC,17021.690622785147,16169.80498512754,66413516165650.75,0.7305482509285712
MMMMMddddddddddMMMMM,MOE/5-methylcytosines/deoxy,*******************,TTTTTCTTCACCAGCTGAAG,3721.65692095263,2643.815733661083,0.0,0.740810354142857
MMMMMddddddddddMMMMM,MOE/5-methylcytosines/deoxy,*******************,GGGGCGCTTCTCCCCAGGCT,20776.74526329468,19673.410547851636,22567207284377.97,0.7643170769285714
MMMMMddddddddddMMMMM,MOE/5-methylcytosines/deoxy,*******************,AGGGTCAAGGAAGGCACGGG,4766.190608693352,3769.6944828337487,22720070399.57532,0.7372161202857145
MMMMMddddddddddMMMMM,MOE/5-methylcytosines/deoxy,*******************,GGTGGTGGAGGCACAGGACC,4978.735567043709,4620.926709876074,0.0,0.7361474470000001
MMMMMddddddddddMMMMM,MOE/5-methylcytosines/deoxy,*******************,CTTGCTAAAGCTTTTGCTCT,0.0,162.61414866387338,0.0,0.7115123672857143
MMMMMddddddddddMMMMM,MOE/5-methylcytosines/deoxy,*******************,CAGAAGGCAGTGGAGGCGGA,10259.535916385476,8540.683621819999,0.0,0.7230919620714287
MMMMMddddddddddMMMMM,MOE/5-methylcytosines/deoxy,*******************,TATGCAAATGTCTACAAACT,0.0,0.0,0.0,0.7632054200714286
MMMMMddddddddddMMMMM,MOE/5-methylcytosines/deoxy,*******************,GGAGGCAAAGGAATATTACA,0.0,0.0,0.0,0.715380733
MMMMMddddddddddMMMMM,MOE/5-methylcytosines/deoxy,*******************,TAAAGGTGCTGCTGAGCAAT,2656.425004545424,2541.2562033011905,2024465250.0289204,0.7401409559285713
MMMMMddddddddddMMMMM,MOE/5-methylcytosines/deoxy,*******************,AAAGGTTCTGGGCAATTTTA,1439.200368321293,1222.5168587913251,0.0,0.7419191605000002
MMMMMddddddddddMMMMM,MOE/5-methylcytosines/deoxy,*******************,TTCTTTAGAGGGAGGCAAAG,1066.2578376868871,866.6457856291536,0.0,0.7286642154285714
MMMMMddddddddddMMMMM,MOE/5-methylcytosines/deoxy,*******************,TCTTCAAGGATGCTTTCTTC,0.0,0.0,0.0,0.7305822304285714
MMMMMddddddddddMMMMM,MOE/5-methylcytosines/deoxy,*******************,CATCACCCTCAGTCTTCATT,8549.931226990202,7282.970620363358,0.0,0.7111624826428571
MMMMMddddddddddMMMMM,MOE/5-methylcytosines/deoxy,*******************,CATAAATTCATTTCTGATGT,0.0,0.0,0.0,0.735538564642857
MMMMMddddddddddMMMMM,MOE/5-methylcytosines/deoxy,*******************,TGGGATAACTCAAACAAATC,0.0,0.0,0.0,0.7039765861428572
MMMMMddddddddddMMMMM,MOE/5-methylcytosines/deoxy,*******************,CTAGATTATAATTAAGCTCC,0.0,0.0,0.0,0.739700551
MMMMMddddddddddMMMMM,MOE/5-methylcytosines/deoxy,*******************,GAGGGGCAAACAACAGATGG,0.0,0.0,0.0,0.7012191867142856
MMMMMddddddddddMMMMM,MOE/5-methylcytosines/deoxy,*******************,CGGCACCCCTCCACCAGAAG,21613.133764564725,20433.630282927526,1881977470789761.8,0.7189527042142857
MMMMMddddddddddMMMMM,MOE/5-methylcytosines/deoxy,*******************,AAAGGAATATTACAATCAGC,0.0,0.0,0.0,0.7388112477857144
MMMMMddddddddddMMMMM,MOE/5-methylcytosines/deoxy,*******************,CATTTTTAGAAAAAGAGCCA,0.0,0.0,0.0,0.7377982055714286
MMMMMddddddddddMMMMM,MOE/5-methylcytosines/deoxy,*******************,CTTTATGCTCATCAAAGACT,0.0,0.0,0.0,0.7380921145714286
MMMMMddddddddddMMMMM,MOE/5-methylcytosines/deoxy,*******************,AACTTGCTAAAGCTTTTGCT,0.0,0.0,0.0,0.7141067744285714
MMMMMddddddddddMMMMM,MOE/5-methylcytosines/deoxy,*******************,AATAATCCAAGCCCTTCATG,9027.01073743882,8069.412252682708,2623625087.521272,0.7402543349285715
MMMMMddddddddddMMMMM,MOE/5-methylcytosines/deoxy,*******************,CAAGGCCTCCAGCAGATTAT,14805.64570867467,13616.579051143992,899080486.0807346,0.708540059
MMMMMddddddddddMMMMM,MOE/5-methylcytosines/deoxy,*******************,TGATCTTTAACCAATTCAAT,0.0,0.0,0.0,0.750425545
MMMMMddddddddddMMMMM,MOE/5-methylcytosines/deoxy,*******************,CCAAGGAATCCCAGGGGAGG,14942.085318850959,14178.9399414459,100250620507.79065,0.7097111335714285
MMMMMddddddddddMMMMM,MOE/5-methylcytosines/deoxy,*******************,ACTGAGACTTAAAAGCTTGT,0.0,0.0,0.0,0.7283213271428571
MMMMMddddddddddMMMMM,MOE/5-methylcytosines/deoxy,*******************,TTAATTTGAAGTATTGTTGC,0.0,0.0,0.0,0.7497069298571429
MMMMMddddddddddMMMMM,MOE/5-methylcytosines/deoxy,*******************,AAATGAAGTAGCGTTGTTTT,0.0,0.0,0.0,0.7369027875
MMMMMddddddddddMMMMM,MOE/5-methylcytosines/deoxy,*******************,CCTCGGGGCCACTGGGCGGC,20246.043954236415,19235.90409416829,6532848655413858.0,0.7296028442142858
MMMMMddddddddddMMMMM,MOE/5-methylcytosines/deoxy,*******************,AATGTATTCTCAAGTTTACA,0.0,0.0,0.0,0.7286347578571428
MMMMMddddddddddMMMMM,MOE/5-methylcytosines/deoxy,*******************,GGGAGGAGGTGGAGGCGGCA,14816.68093437367,13899.265468874975,2642784768721337.5,0.739027578142857
MMMMMddddddddddMMMMM,MOE/5-methylcytosines/deoxy,*******************,CAATATCTTCCTCTTCTCTT,4110.5747279700945,3530.1260643271976,0.0,0.7465717647142858
MMMMMddddddddddMMMMM,MOE/5-methylcytosines/deoxy,*******************,CAAAGACTTTAAGTTGGATA,0.0,0.0,0.0,0.7488456993571428
MMMMMddddddddddMMMMM,MOE/5-methylcytosines/deoxy,*******************,CATCTGCAGACCCCATTTTC,14928.676001636093,14370.445335487464,2089402129.9273446,0.7457743144999999
MMMMMddddddddddMMMMM,MOE/5-methylcytosines/deoxy,*******************,CATCAAAGACTTTAAGTTGG,0.0,0.0,0.0,0.738023989
MMMMMddddddddddMMMMM,MOE/5-methylcytosines/deoxy,*******************,GTACTGACAGCCATGATGTC,1770.7497994115713,1266.0518843075422,0.0,0.6947049202857143
MMMMMddddddddddMMMMM,MOE/5-methylcytosines/deoxy,*******************,AATTCTTTCTTTGGTTTCAA,183.60951857124917,181.49866944138043,0.0,0.7547775162857143
MMMMMddddddddddMMMMM,MOE/5-methylcytosines/deoxy,*******************,ACTTGGGGCGCTTCTCCCCA,19024.50212193604,17889.939924893293,16536685733536.186,0.7219028712142858
MMMMMddddddddddMMMMM,MOE/5-methylcytosines/deoxy,*******************,GATTTTTCTTTACAACTTTT,0.0,0.0,0.0,0.7622581892857142
MMMMMddddddddddMMMMM,MOE/5-methylcytosines/deoxy,*******************,CCAGAAGGCAGTGGAGGCGG,9934.226092132445,8256.362829981947,0.0,0.7283196502857143
MMMMMddddddddddMMMMM,MOE/5-methylcytosines/deoxy,*******************,ATTCAGGTCAGTAAGAAAGT,0.0,0.0,0.0,0.7451266656428572
MMMMMddddddddddMMMMM,MOE/5-methylcytosines/deoxy,*******************,AGACTTAAAAGCTTGTAGCT,0.0,0.0,0.0,0.7142235222142858
MMMMMddddddddddMMMMM,MOE/5-methylcytosines/deoxy,*******************,AGGGGAGGTGGTGGAGGCAC,10021.388441842806,9275.531062932194,0.0,0.7506903728571429
MMMMMddddddddddMMMMM,MOE/5-methylcytosines/deoxy,*******************,CCCTCCACCAGAAGGCAGTG,18117.460029354163,16939.886399085703,7757628136905.423,0.727143025
MMMMMddddddddddMMMMM,MOE/5-methylcytosines/deoxy,*******************,GCTCTGCTAATTCTTTAGCT,0.0,0.0,0.0,0.7409584984285714
MMMMMddddddddddMMMMM,MOE/5-methylcytosines/deoxy,*******************,AAGCCTGAAATCCAAATCAT,197.91385149759918,196.53422436552148,0.0,0.7585363762142858
MMMMMddddddddddMMMMM,MOE/5-methylcytosines/deoxy,*******************,GAATTCTTATGCTGGCAAAT,357.898694152435,184.642792253904,0.0,0.7399801363571428
MMMMMddddddddddMMMMM,MOE/5-methylcytosines/deoxy,*******************,GGAGGGGCAAACAACAGATG,4730.430283620556,4157.456260650646,649821190.978864,0.7235922532857143
MMMMMddddddddddMMMMM,MOE/5-methylcytosines/deoxy,*******************,CTGGACATCTTTGTCACAAA,0.0,0.0,0.0,0.7421636925714284
MMMMMddddddddddMMMMM,MOE/5-methylcytosines/deoxy,*******************,AACTTGGGGCGCTTCTCCCC,18566.508227585593,17513.940317173212,16535856747154.377,0.7239606523571427
MMMMMddddddddddMMMMM,MOE/5-methylcytosines/deoxy,*******************,AGGCTCCTCGGGGCCACTGG,19120.66460075832,17565.27569183772,45774437733349.42,0.735235761
MMMMMddddddddddMMMMM,MOE/5-methylcytosines/deoxy,*******************,AAGTTTAACCACATCTGTCA,894.4573074847308,1026.2803463901878,0.0,0.7237852222857144
MMMMMddddddddddMMMMM,MOE/5-methylcytosines/deoxy,*******************,GTCCTCCAAGGAATCCCAGG,13066.559142209046,12188.9219955505,625984076.7556325,0.7378242447857143
MMMMMddddddddddMMMMM,MOE/5-methylcytosines/deoxy,*******************,AGTATTGTTGCCTTATAAAA,0.0,0.0,0.0,0.7789877996428572
MMMMMddddddddddMMMMM,MOE/5-methylcytosines/deoxy,*******************,AGACAATGAATTTAATTGCT,0.0,0.0,0.0,0.7463126305714286
MMMMMddddddddddMMMMM,MOE/5-methylcytosines/deoxy,*******************,GTCTAGATTATAATTAAGCT,0.0,0.0,0.0,0.7468283429285714
MMMMMddddddddddMMMMM,MOE/5-methylcytosines/deoxy,*******************,TGTTGATTTTTCTTTACAAC,0.0,0.0,0.0,0.7560675740714285
MMMMMddddddddddMMMMM,MOE/5-methylcytosines/deoxy,*******************,CAATAAGGAAAGGCTCCTCT,4324.716044387219,3370.772129067213,1243951000.1720843,0.7258348010000001
MMMMMddddddddddMMMMM,MOE/5-methylcytosines/deoxy,*******************,GTGGTTCTGAAGTTATTCAG,192.5631045781082,182.44629626048587,0.0,0.7369650810714286
MMMMMddddddddddMMMMM,MOE/5-methylcytosines/deoxy,*******************,ATGATGTCAGGTTTGATGTT,166.56170958863183,0.0,0.0,0.7661420870714285
MMMMMddddddddddMMMMM,MOE/5-methylcytosines/deoxy,*******************,TGAACTGAGACAATGAATTT,0.0,0.0,0.0,0.7414713900714286
MMMMMddddddddddMMMMM,MOE/5-methylcytosines/deoxy,*******************,TGTCTACAAACTGGGTTAAA,0.0,0.0,0.0,0.6999383279285712
MMMMMddddddddddMMMMM,MOE/5-methylcytosines/deoxy,*******************,CCAAATGGCAGGATTGGTAG,178.31248842854637,176.38400921379323,0.0,0.7330937187857145
MMMMMddddddddddMMMMM,MOE/5-methylcytosines/deoxy,*******************,TAGGAAAGGACAGTGGGAGT,1454.2654032333105,1011.0003771363947,54996348353.41781,0.7324145024285713
MMMMMddddddddddMMMMM,MOE/5-methylcytosines/deoxy,*******************,TTTATGCTCATCAAAGACTT,0.0,0.0,0.0,0.7235332265714286
MMMMMddddddddddMMMMM,MOE/5-methylcytosines/deoxy,*******************,CACCTTCCAGGGTCAAGGAA,10238.679964758318,10202.49142938602,764356953.4261049,0.7372713848571429
MMMMMddddddddddMMMMM,MOE/5-methylcytosines/deoxy,*******************,GGCCACTGGGCGGCGGAGGG,19410.76277399883,18442.587589796083,24647415854377.215,0.7553880267857142
MMMMMddddddddddMMMMM,MOE/5-methylcytosines/deoxy,*******************,GGCGGCACCCCTCCACCAGA,22175.039081615385,21078.170523365632,3.3835498934903216e+16,0.7045543150000001
MMMMMddddddddddMMMMM,MOE/5-methylcytosines/deoxy,*******************,CTCATCACAACCACAAACTG,0.0,0.0,0.0,0.7121865440714286
MMMMMddddddddddMMMMM,MOE/5-methylcytosines/deoxy,*******************,AAGACACTCGGAGAGACTCC,488.19551842417945,154.64387570909088,0.0,0.7208736320714287
MMMMMddddddddddMMMMM,MOE/5-methylcytosines/deoxy,*******************,TCCATCATTTTTTCAAAAAG,0.0,0.0,0.0,0.7687993641428571
MMMMMddddddddddMMMMM,MOE/5-methylcytosines/deoxy,*******************,CTTTTGCACTGATAACAAAT,0.0,0.0,0.0,0.7458622259999999
MMMMMddddddddddMMMMM,MOE/5-methylcytosines/deoxy,*******************,TCCTCCAAGGAATCCCAGGG,14849.289485961706,14231.95946967908,625984076.7556325,0.7372161202857145
MMMMMddddddddddMMMMM,MOE/5-methylcytosines/deoxy,*******************,TAAATTTGGCAATATCTCTT,0.0,0.0,0.0,0.7433018535000001
MMMMMddddddddddMMMMM,MOE/5-methylcytosines/deoxy,*******************,AGGTTGGGAAGTGGAGGTCT,2720.6149126336427,2587.36470098853,0.0,0.7419017089999999
MMMMMddddddddddMMMMM,MOE/5-methylcytosines/deoxy,*******************,GGAGGAGGAAGTGCTGAGTG,0.0,0.0,0.0,0.7398009410714286
MMMMMddddddddddMMMMM,MOE/5-methylcytosines/deoxy,*******************,ATTGGTAGAGGAGGAGAATT,372.8160685965833,374.05094059175514,0.0,0.7340043789285714
MMMMMddddddddddMMMMM,MOE/5-methylcytosines/deoxy,*******************,TAAACATCATATGCTTCATC,0.0,0.0,0.0,0.7183627381428571
MMMMMddddddddddMMMMM,MOE/5-methylcytosines/deoxy,*******************,TCCTGGAAGTGGAGGAGGTG,4903.481202027137,3732.4876379845578,0.0,0.7391945667857142
MMMMMddddddddddMMMMM,MOE/5-methylcytosines/deoxy,*******************,ATTTAAATTCATATCTTCCA,0.0,0.0,0.0,0.7318344870000001
MMMMMddddddddddMMMMM,MOE/5-methylcytosines/deoxy,*******************,CAGGGGAGGTGGTGGAGGCA,10058.910441796963,9481.82879090033,0.0,0.7404888265
MMMMMddddddddddMMMMM,MOE/5-methylcytosines/deoxy,*******************,TCATCTACTTCCAATATCAT,166.6013823716573,0.0,0.0,0.7166182631428571
MMMMMddddddddddMMMMM,MOE/5-methylcytosines/deoxy,*******************,GAAATAAAATATCCCTCTGC,9341.406169638867,8795.841028472398,0.0,0.7188821760714286
MMMMMddddddddddMMMMM,MOE/5-methylcytosines/deoxy,*******************,GAAAGGACAGTGGGAGTGGC,4224.185639469349,3663.298603534797,54996348353.41781,0.6976125867857144
MMMMMddddddddddMMMMM,MOE/5-methylcytosines/deoxy,*******************,AGAGCTCAGGAAGATTGAAA,0.0,0.0,0.0,0.743390266357143
MMMMMddddddddddMMMMM,MOE/5-methylcytosines/deoxy,*******************,GGGGCCACTGGGCGGCGGAG,19546.151406254816,18761.420121687486,5488364744684441.0,0.7357651630000002
MMMMMddddddddddMMMMM,MOE/5-methylcytosines/deoxy,*******************,ACCGCAGAGAGAAGTTTAAC,331.0140826247048,164.86203950732494,0.0,0.7173336215714287
MMMMMddddddddddMMMMM,MOE/5-methylcytosines/deoxy,*******************,CTTTATTAAGTTCTGAATCA,0.0,0.0,0.0,0.7488246605000001
MMMMMddddddddddMMMMM,MOE/5-methylcytosines/deoxy,*******************,GGAAAGGACAGTGGGAGTGG,3637.5070455420164,2935.399310440216,54996348353.41781,0.7435767712142857
MMMMMddddddddddMMMMM,MOE/5-methylcytosines/deoxy,*******************,AAGGGTAGGGAGTCCCAGCG,13603.375625326076,12336.718508998349,1057550031.8638989,0.7200642989999999
MMMMMddddddddddMMMMM,MOE/5-methylcytosines/deoxy,*******************,ACCAGAAGGCAGTGGAGGCG,3759.943512472015,2856.0224274183975,0.0,0.7223295963571429
MMMMMddddddddddMMMMM,MOE/5-methylcytosines/deoxy,*******************,AATCTGGACATCTTTGTCAC,0.0,0.0,0.0,0.7553292342857143
MMMMMddddddddddMMMMM,MOE/5-methylcytosines/deoxy,*******************,AATCATTTCGAATCAGCAAA,0.0,0.0,0.0,0.737702329357143
MMMMMddddddddddMMMMM,MOE/5-methylcytosines/deoxy,*******************,GGCTGGTGCCGTTCCATGTT,9362.070633593692,8162.234311675591,291258127230.5534,0.7452457472142857
MMMMMddddddddddMMMMM,MOE/5-methylcytosines/deoxy,*******************,TTTCTACCAGGAAATGAAGT,856.104458982591,822.1260014531694,0.0,0.7511078005714286
MMMMMddddddddddMMMMM,MOE/5-methylcytosines/deoxy,*******************,TGCAAGTCCTCAGGAGGGGG,9210.426746595656,8446.110452149831,13196025787.824787,0.7224238399285714
MMMMMddddddddddMMMMM,MOE/5-methylcytosines/deoxy,*******************,CTTTAACCAATTCAATCTTC,0.0,0.0,0.0,0.7490136895714287
MMMMMddddddddddMMMMM,MOE/5-methylcytosines/deoxy,*******************,TGGTGGAGGCACAGGACCAC,4407.0709152224545,3924.053233983511,0.0,0.720296204642857
MMMMMddddddddddMMMMM,MOE/5-methylcytosines/deoxy,*******************,CCCAGCGGCTGAGCCTTGGG,13907.57715393283,12158.43762883333,34498682512.52449,0.7330847699999999
MMMMMddddddddddMMMMM,MOE/5-methylcytosines/deoxy,*******************,CAAGTTCAGCTCTAATATCT,0.0,0.0,0.0,0.7174309371428571
MMMMMddddddddddMMMMM,MOE/5-methylcytosines/deoxy,*******************,TCTTTATGCTCATCAAAGAC,0.0,0.0,0.0,0.7374642582857144
MMMMMddddddddddMMMMM,MOE/5-methylcytosines/deoxy,*******************,TCATATCTTCCATCATTTTT,0.0,0.0,0.0,0.7330043717857143
MMMMMddddddddddMMMMM,MOE/5-methylcytosines/deoxy,*******************,CTCTCCTCACTCATAATTCT,4469.482907271386,4094.166705278151,0.0,0.7014561470714286
MMMMMddddddddddMMMMM,MOE/5-methylcytosines/deoxy,*******************,AGGAAAGGACAGTGGGAGTG,2340.959234760886,1851.8992756165885,54996348353.41781,0.7447980660000001
MMMMMddddddddddMMMMM,MOE/5-methylcytosines/deoxy,*******************,ACACACTCATCAATTAATTT,0.0,0.0,0.0,0.7241858307857143
MMMMMddddddddddMMMMM,MOE/5-methylcytosines/deoxy,*******************,TTGTTGGCAACAAAATGTAT,0.0,0.0,0.0,0.7116231614999998
MMMMMddddddddddMMMMM,MOE/5-methylcytosines/deoxy,*******************,GCGGAGGAGGAAGTGCTGAG,1097.0573984738853,685.8126506140818,0.0,0.7345122227857143
MMMMMddddddddddMMMMM,MOE/5-methylcytosines/deoxy,*******************,GGGAGGGGCAAACAACAGAT,8519.033200919443,7121.213720268773,4381674191.495117,0.7175780265714288
MMMMMddddddddddMMMMM,MOE/5-methylcytosines/deoxy,*******************,AACTGGGTTAAATCTAAATC,0.0,0.0,0.0,0.7444045364285714
MMMMMddddddddddMMMMM,MOE/5-methylcytosines/deoxy,*******************,TTTTTAGAAAAAGAGCCAAG,0.0,0.0,0.0,0.7233867490714285
MMMMMddddddddddMMMMM,MOE/5-methylcytosines/deoxy,*******************,GGCCAATAAGGAAAGGCTCC,186.43222932903,0.0,0.0,0.7226047264285714
MMMMMddddddddddMMMMM,MOE/5-methylcytosines/deoxy,*******************,CAAGGAATCCCAGGGGAGGT,14819.34934881451,14106.138193670255,100250620507.79065,0.7035521551428572
MMMMMddddddddddMMMMM,MOE/5-methylcytosines/deoxy,*******************,TACTGACAGCCATGATGTCA,1770.7497994115713,1266.0518843075422,0.0,0.6940699537142858
MMMMMddddddddddMMMMM,MOE/5-methylcytosines/deoxy,*******************,TGTATGACTTTATGTTGATT,0.0,0.0,0.0,0.7631065600000001
MMMMMddddddddddMMMMM,MOE/5-methylcytosines/deoxy,*******************,TACCGCAGAGAGAAGTTTAA,331.0140826247048,164.86203950732494,0.0,0.7103428521428573
MMMMMddddddddddMMMMM,MOE/5-methylcytosines/deoxy,*******************,GCTCCTCTCCTCACTCATAA,13176.951669218704,11459.224795323149,865771668.2108878,0.7443992442857142
MMMMMddddddddddMMMMM,MOE/5-methylcytosines/deoxy,*******************,TTTACTTTTATCCAGAAACA,0.0,0.0,0.0,0.7592937155
MMMMMddddddddddMMMMM,MOE/5-methylcytosines/deoxy,*******************,AGTCTTCAGGTTGGGAAGTG,901.028466084482,666.0658404402296,0.0,0.7588136309285715
MMMMMddddddddddMMMMM,MOE/5-methylcytosines/deoxy,*******************,TAGTTTACAGAGAGAGCTAA,0.0,0.0,0.0,0.6921489874285714
MMMMMddddddddddMMMMM,MOE/5-methylcytosines/deoxy,*******************,GACTGCAAGGCCTCCAGCAG,14974.374965318035,13746.283817863701,899080486.0807346,0.7392741204285714
MMMMMddddddddddMMMMM,MOE/5-methylcytosines/deoxy,*******************,CAAATTTGTCCAGCATATCA,342.7571476233711,332.15861916507595,0.0,0.7719301720714286
MMMMMddddddddddMMMMM,MOE/5-methylcytosines/deoxy,*******************,AAACTTGTCATGCAAGTCCT,0.0,0.0,0.0,0.7615016079285716
MMMMMddddddddddMMMMM,MOE/5-methylcytosines/deoxy,*******************,ATAAACGCTTTTTCTTTTGT,0.0,0.0,0.0,0.7674745171428571
MMMMMddddddddddMMMMM,MOE/5-methylcytosines/deoxy,*******************,GCCGCGGAGAGAGGCTGAGG,16094.363173648166,16015.157161257584,26438393941.5057,0.7214483960714285
MMMMMddddddddddMMMMM,MOE/5-methylcytosines/deoxy,*******************,GCCGCGGCTGGTGCCGTTCC,18351.060294715742,17402.152907660828,735823304392370.2,0.7573251929285715
MMMMMddddddddddMMMMM,MOE/5-methylcytosines/deoxy,*******************,CTAAAACTTCTTCAAGGATG,0.0,0.0,0.0,0.744866165357143
MMMMMddddddddddMMMMM,MOE/5-methylcytosines/deoxy,*******************,TTCTGGGCAATTTTAGAATC,0.0,0.0,0.0,0.7452627848571429
MMMMMddddddddddMMMMM,MOE/5-methylcytosines/deoxy,*******************,GGCTCCTCTCCTCACTCATA,13765.335709191502,12293.224886907534,71959080655.35559,0.7303965841428572
MMMMMddddddddddMMMMM,MOE/5-methylcytosines/deoxy,*******************,GCCCCGGACTGCAAGGCCTC,20197.043134783366,18870.416586597963,2901538359742881.0,0.7481116736428574
MMMMMddddddddddMMMMM,MOE/5-methylcytosines/deoxy,*******************,GGAAAGGCTCCTCTCCTCAC,13572.449628442715,12208.420821615351,596656818923.9009,0.7350094301428572
MMMMMddddddddddMMMMM,MOE/5-methylcytosines/deoxy,*******************,TCAAAGACTTTAAGTTGGAT,0.0,0.0,0.0,0.7532375215000001
MMMMMddddddddddMMMMM,MOE/5-methylcytosines/deoxy,*******************,TCTAAAACTTCTTCAAGGAT,0.0,0.0,0.0,0.7542171273571429
MMMMMddddddddddMMMMM,MOE/5-methylcytosines/deoxy,*******************,TGTTGCCTTATAAAATAATC,0.0,0.0,0.0,0.7312780357142855
MMMMMddddddddddMMMMM,MOE/5-methylcytosines/deoxy,*******************,CTGCTCTTCAAACTGAAGCT,0.0,0.0,0.0,0.7400845890000001
MMMMMddddddddddMMMMM,MOE/5-methylcytosines/deoxy,*******************,GGGAGGTGGTGGAGGCACAG,8860.13945474862,8377.269495744406,0.0,0.7500839985714284
MMMMMddddddddddMMMMM,MOE/5-methylcytosines/deoxy,*******************,AGCCTTGGGCCGGGTGGTGC,20402.479287698858,19698.901860620957,156395738939234.53,0.7283671114285715
MMMMMddddddddddMMMMM,MOE/5-methylcytosines/deoxy,*******************,GTGGTGCAGCCGCGGCTGGT,15729.58001275356,14865.271862329431,29440607331788.02,0.7178687762142857
MMMMMddddddddddMMMMM,MOE/5-methylcytosines/deoxy,*******************,TTGGCCAATAAGGAAAGGCT,0.0,0.0,0.0,0.7119144149285714
MMMMMddddddddddMMMMM,MOE/5-methylcytosines/deoxy,*******************,TGAATTTAATTGCTCTTGAT,0.0,0.0,0.0,0.7370553392142857
MMMMMddddddddddMMMMM,MOE/5-methylcytosines/deoxy,*******************,TAGTATCCTATTATACTCTG,0.0,0.0,0.0,0.7501132403571428
MMMMMddddddddddMMMMM,MOE/5-methylcytosines/deoxy,*******************,CTCTTAAGACTTCCTGTCTT,2674.835412236149,1821.3009388532157,0.0,0.7493012654285715
MMMMMddddddddddMMMMM,MOE/5-methylcytosines/deoxy,*******************,CCCCTCCACCAGAAGGCAGT,20241.073483029737,19187.64396910078,7835169212757.015,0.6974836385714287
MMMMMddddddddddMMMMM,MOE/5-methylcytosines/deoxy,*******************,TTGGGGCGCTTCTCCCCAGG,20474.175110514898,19323.90726099924,17174209848327.207,0.7422860443571428
MMMMMddddddddddMMMMM,MOE/5-methylcytosines/deoxy,*******************,TAAATTCATATCTTCCATCA,0.0,0.0,0.0,0.7450314443571429
MMMMMddddddddddMMMMM,MOE/5-methylcytosines/deoxy,*******************,GGGCCGGGTGGTGCAGCCGC,20275.98162902443,19115.76276493136,541211569458551.2,0.7527911407857142
MMMMMddddddddddMMMMM,MOE/5-methylcytosines/deoxy,*******************,TCCCAGCGGCTGAGCCTTGG,13979.758937151715,12185.455622707297,34498682512.52449,0.7144036241428572
MMMMMddddddddddMMMMM,MOE/5-methylcytosines/deoxy,*******************,CACCAGAAGGCAGTGGAGGC,2274.2883666276216,1477.5659184241756,0.0,0.7284885747857143
MMMMMddddddddddMMMMM,MOE/5-methylcytosines/deoxy,*******************,TAATCCAAGCCCTTCATGTC,9051.555467346509,8149.926032492905,2623625087.521272,0.7315962785714285
MMMMMddddddddddMMMMM,MOE/5-methylcytosines/deoxy,*******************,CTTGGGGCGCTTCTCCCCAG,20138.522922611573,18886.491761829275,16847359428649.574,0.7352018984285714
MMMMMddddddddddMMMMM,MOE/5-methylcytosines/deoxy,*******************,ATAAGGAAAGGCTCCTCTCC,12112.689646640883,10886.661020714268,260041108255.59357,0.7168006869285714
MMMMMddddddddddMMMMM,MOE/5-methylcytosines/deoxy,*******************,TGTATTCTCAAGTTTACAAA,0.0,0.0,0.0,0.731831538
MMMMMddddddddddMMMMM,MOE/5-methylcytosines/deoxy,*******************,GTTCCAGCAACTTGCTAAAG,263.8581154247109,269.7166425188128,0.0,0.7278823921428571
MMMMMddddddddddMMMMM,MOE/5-methylcytosines/deoxy,*******************,TTCCATCATTTTTTCAAAAA,0.0,0.0,0.0,0.7709298035
MMMMMddddddddddMMMMM,MOE/5-methylcytosines/deoxy,*******************,GGAGGTGGAGGCGGCACCCC,20224.590847226955,19207.850326511852,313808502310647.75,0.7440776966428572
MMMMMddddddddddMMMMM,MOE/5-methylcytosines/deoxy,*******************,GGTGGAGGCACAGGACCACT,3691.4329890525673,3372.4751533528324,0.0,0.7130839853571429
MMMMMddddddddddMMMMM,MOE/5-methylcytosines/deoxy,*******************,AGTTTACAAAGCAAATCCAC,0.0,0.0,0.0,0.7093608630000002
MMMMMddddddddddMMMMM,MOE/5-methylcytosines/deoxy,*******************,CACGGCTTTGGCCAATAAGG,3642.8335211632343,3150.9469274875,0.0,0.7434376597857142
MMMMMddddddddddMMMMM,MOE/5-methylcytosines/deoxy,*******************,AACTTTTTCTTGGATTTTTC,0.0,0.0,0.0,0.7502442125000001
MMMMMddddddddddMMMMM,MOE/5-methylcytosines/deoxy,*******************,CACAAAATTCAGTATATCAG,0.0,0.0,0.0,0.7265574027142857
MMMMMddddddddddMMMMM,MOE/5-methylcytosines/deoxy,*******************,AGGCGGCACCCCTCCACCAG,22586.474984897017,21326.12007801552,3.383223179828622e+16,0.7192943102857142
MMMMMddddddddddMMMMM,MOE/5-methylcytosines/deoxy,*******************,CAATGAATTTAATTGCTCTT,0.0,0.0,0.0,0.7319848092857143
MMMMMddddddddddMMMMM,MOE/5-methylcytosines/deoxy,*******************,ATCTGGACATCTTTGTCACA,0.0,0.0,0.0,0.7452614748571429
MMMMMddddddddddMMMMM,MOE/5-methylcytosines/deoxy,*******************,AAGCTTTTGCTCTTCTTTAT,0.0,328.58816689020085,0.0,0.7506544199999999
MMMMMddddddddddMMMMM,MOE/5-methylcytosines/deoxy,*******************,TCTTTTGCACTGATAACAAA,0.0,0.0,0.0,0.7248479078571429
MMMMMddddddddddMMMMM,MOE/5-methylcytosines/deoxy,*******************,TTCTTCACATCAATGGCATA,0.0,0.0,0.0,0.7208812728571429
MMMMMddddddddddMMMMM,MOE/5-methylcytosines/deoxy,*******************,CCTCCAAGGAATCCCAGGGG,15144.056330248377,14561.743500188753,625984076.7556325,0.7297791222142856
MMMMMddddddddddMMMMM,MOE/5-methylcytosines/deoxy,*******************,TCTATGCAAATGTCTACAAA,0.0,0.0,0.0,0.7047313105714286
MMMMMddddddddddMMMMM,MOE/5-methylcytosines/deoxy,*******************,GCTTCTAAAACTTCTTCAAG,0.0,0.0,0.0,0.7096085296428571
MMMMMddddddddddMMMMM,MOE/5-methylcytosines/deoxy,*******************,CGCGGCTGGTGCCGTTCCAT,13981.623693564154,12504.491808044855,2964514981356.985,0.7518036139285714
MMMMMddddddddddMMMMM,MOE/5-methylcytosines/deoxy,*******************,GAAAGGCTCCTCTCCTCACT,13568.479548460935,12177.86111564877,596656818923.9009,0.7420935760714287
MMMMMddddddddddMMMMM,MOE/5-methylcytosines/deoxy,*******************,AAGACTTTAAGTTGGATATC,0.0,0.0,0.0,0.7529823527857143
MMMMMddddddddddMMMMM,MOE/5-methylcytosines/deoxy,*******************,TCTGCTTGAAGCTCATTAAT,0.0,0.0,0.0,0.7574889722857143
MMMMMddddddddddMMMMM,MOE/5-methylcytosines/deoxy,*******************,TACTTGCAGTTGAACTGAAT,0.0,0.0,0.0,0.7340179252857143
MMMMMddddddddddMMMMM,MOE/5-methylcytosines/deoxy,*******************,TTTTGTTGGCAACAAAATGT,0.0,176.5331454684811,0.0,0.7550964345000001
MMMMMddddddddddMMMMM,MOE/5-methylcytosines/deoxy,*******************,TCAAGTTCAGCTCTAATATC,0.0,0.0,0.0,0.7278595012857142
MMMMMddddddddddMMMMM,MOE/5-methylcytosines/deoxy,*******************,TTTTCATGGTTACAAACTTT,0.0,0.0,0.0,0.745022178857143
MMMMMddddddddddMMMMM,MOE/5-methylcytosines/deoxy,*******************,AACCCAAATGGCAGGATTGG,1094.361973595963,535.6947600963144,0.0,0.7176663996428571
MMMMMddddddddddMMMMM,MOE/5-methylcytosines/deoxy,*******************,GGGTGGTGCAGCCGCGGCTG,15154.46105287417,14578.262435463128,38782836199553.26,0.7406313767142859
MMMMMddddddddddMMMMM,MOE/5-methylcytosines/deoxy,*******************,TCATTTCTAATAAACGCTTT,0.0,0.0,0.0,0.7300254757857144
MMMMMddddddddddMMMMM,MOE/5-methylcytosines/deoxy,*******************,CAAATCTGGACATCTTTGTC,0.0,0.0,0.0,0.7752090482857142
MMMMMddddddddddMMMMM,MOE/5-methylcytosines/deoxy,*******************,ACCAGCTGAAGTTAAAGCTT,0.0,0.0,0.0,0.7557548201428571
MMMMMddddddddddMMMMM,MOE/5-methylcytosines/deoxy,*******************,GCTGAAGTTAAAGCTTCTAA,0.0,0.0,0.0,0.7471194125
MMMMMddddddddddMMMMM,MOE/5-methylcytosines/deoxy,*******************,GGTCAAGGAAGGCACGGGGG,6523.666041445584,5672.94090305703,29879520559.67192,0.7408125450714287
MMMMMddddddddddMMMMM,MOE/5-methylcytosines/deoxy,*******************,TAAATTCTTTCTTTGGTTTC,183.60951857124917,181.49866944138043,0.0,0.7517222102857142
MMMMMddddddddddMMMMM,MOE/5-methylcytosines/deoxy,*******************,CTTTCTCGCTCTGCTAATTC,8025.447004951693,7374.798309729378,599159837.4923517,0.7230419309285715
MMMMMddddddddddMMMMM,MOE/5-methylcytosines/deoxy,*******************,ACTTTAAGTTGGATATCCAG,0.0,0.0,0.0,0.7436061765714286
MMMMMddddddddddMMMMM,MOE/5-methylcytosines/deoxy,*******************,TTTCATCTACTTCCAATATC,166.6013823716573,0.0,0.0,0.7359893797857142
MMMMMddddddddddMMMMM,MOE/5-methylcytosines/deoxy,*******************,CATTTACTTTTATCCAGAAA,0.0,0.0,0.0,0.7688126275
MMMMMddddddddddMMMMM,MOE/5-methylcytosines/deoxy,*******************,CTTGAACTGAGACAATGAAT,0.0,0.0,0.0,0.7459749677857144
MMMMMddddddddddMMMMM,MOE/5-methylcytosines/deoxy,*******************,TTTAAATTTGGCAATATCTC,0.0,0.0,0.0,0.7445800891428572
MMMMMddddddddddMMMMM,MOE/5-methylcytosines/deoxy,*******************,TAGATTATAATTAAGCTCCT,0.0,0.0,0.0,0.7201698229285716
MMMMMddddddddddMMMMM,MOE/5-methylcytosines/deoxy,*******************,GTCTTAGAAGCAGTATTAAT,0.0,0.0,0.0,0.7249172872142857
MMMMMddddddddddMMMMM,MOE/5-methylcytosines/deoxy,*******************,ATTGATATTGTAGTGTGAAC,0.0,0.0,0.0,0.754266922642857
MMMMMddddddddddMMMMM,MOE/5-methylcytosines/deoxy,*******************,AAAGCTTCTAAAACTTCTTC,0.0,0.0,0.0,0.7316462851428571
MMMMMddddddddddMMMMM,MOE/5-methylcytosines/deoxy,*******************,TTTCTTCACCAGCTGAAGTT,3135.749484708337,2088.3443937954826,0.0,0.7159243256428571
MMMMMddddddddddMMMMM,MOE/5-methylcytosines/deoxy,*******************,CCAGGGGAGGTGGTGGAGGC,13196.465120532115,12790.013150105277,0.0,0.7344062642142858
MMMMMddddddddddMMMMM,MOE/5-methylcytosines/deoxy,*******************,GACATCTTTGTCACAAACTT,0.0,0.0,0.0,0.7745640781428571
MMMMMddddddddddMMMMM,MOE/5-methylcytosines/deoxy,*******************,GATTTCAGGTTTAAATTCTT,0.0,0.0,0.0,0.7497463582857142
MMMMMddddddddddMMMMM,MOE/5-methylcytosines/deoxy,*******************,CCACGGCTTTGGCCAATAAG,8443.53069609282,7793.12487787634,339456763.3184687,0.7577029492142857
MMMMMddddddddddMMMMM,MOE/5-methylcytosines/deoxy,*******************,TTCAATATCTTCCTCTTCTC,4064.153502117374,3490.1824927330476,0.0,0.7357039641428571
MMMMMddddddddddMMMMM,MOE/5-methylcytosines/deoxy,*******************,GATTTTTCCACTAATCAGTT,0.0,0.0,0.0,0.7205081585000002
MMMMMddddddddddMMMMM,MOE/5-methylcytosines/deoxy,*******************,ATTTAGGTGACCTTATAAAG,371.57745595825713,173.86960791892412,0.0,0.7589244164285713
MMMMMddddddddddMMMMM,MOE/5-methylcytosines/deoxy,*******************,GGGAGGCAAAGGAATATTAC,412.5009458676427,196.95538065127647,0.0,0.7076635047142857
MMMMMddddddddddMMMMM,MOE/5-methylcytosines/deoxy,*******************,CTGCTAATTCTTTAGCTATT,0.0,0.0,0.0,0.7371172922142858
MMMMMddddddddddMMMMM,MOE/5-methylcytosines/deoxy,*******************,CATCTTTGTCACAAACTTGT,0.0,0.0,0.0,0.7648734174999999
MMMMMddddddddddMMMMM,MOE/5-methylcytosines/deoxy,*******************,CCTGGAAGTGGAGGAGGTGG,7538.887092759709,6084.465174990058,0.0,0.7403022122857144
MMMMMddddddddddMMMMM,MOE/5-methylcytosines/deoxy,*******************,AAGTTATTCAGGTCAGTAAG,0.0,0.0,0.0,0.7274636473571429
MMMMMddddddddddMMMMM,MOE/5-methylcytosines/deoxy,*******************,CACCCCTCCACCAGAAGGCA,21032.333681268214,19950.447892188997,7842557348706.212,0.7184669320000001
MMMMMddddddddddMMMMM,MOE/5-methylcytosines/deoxy,*******************,CGGCTGGTGCCGTTCCATGT,10881.203364842115,9793.07565717234,291258127230.5534,0.7402070056428572
MMMMMddddddddddMMMMM,MOE/5-methylcytosines/deoxy,*******************,GGCACGGGGGAGGGGCAAAC,15515.248916813433,13435.566488028557,19202930595440.645,0.7218845680714285
MMMMMddddddddddMMMMM,MOE/5-methylcytosines/deoxy,*******************,AATACAAGTTCCAGCAACTT,231.1736074597896,403.7113608157499,0.0,0.7433344927857143
MMMMMddddddddddMMMMM,MOE/5-methylcytosines/deoxy,*******************,GAAGGCAGTGGAGGCGGAGG,12674.087735832944,11196.142791084503,0.0,0.7363827767857144
MMMMMddddddddddMMMMM,MOE/5-methylcytosines/deoxy,*******************,CCTCCACCAGAAGGCAGTGG,12361.28556163528,11472.462269087042,7755339074554.576,0.7402473743571428
MMMMMddddddddddMMMMM,MOE/5-methylcytosines/deoxy,*******************,GAGGAAGGGTAGGGAGTCCC,4716.948855251865,3917.4869075848937,0.0,0.7197068228571428
MMMMMddddddddddMMMMM,MOE/5-methylcytosines/deoxy,*******************,ATTTCTTCTCTTCAATATCT,187.30373190655382,0.0,0.0,0.7513042946428571
MMMMMddddddddddMMMMM,MOE/5-methylcytosines/deoxy,*******************,AAATATCCCTCTGCTCTAGT,10131.125944344793,9321.448525573498,0.0,0.720874501
MMMMMddddddddddMMMMM,MOE/5-methylcytosines/deoxy,*******************,CTAATTCTTTAGCTATTCTG,0.0,0.0,0.0,0.7478725424285714
MMMMMddddddddddMMMMM,MOE/5-methylcytosines/deoxy,*******************,TATGACTTTATGTTGATTTT,0.0,0.0,0.0,0.7652332522857141
MMMMMddddddddddMMMMM,MOE/5-methylcytosines/deoxy,*******************,AAGGAAAGGCTCCTCTCCTC,12993.834912783486,11614.523566436992,596656818923.9009,0.7297609082142857
MMMMMddddddddddMMMMM,MOE/5-methylcytosines/deoxy,*******************,AGGGAGGCAAAGGAATATTA,428.66178562828486,196.95538065127647,0.0,0.7131684127142858
MMMMMddddddddddMMMMM,MOE/5-methylcytosines/deoxy,*******************,TATCTTCCATCATTTTTTCA,0.0,0.0,0.0,0.7423307888571429
MMMMMddddddddddMMMMM,MOE/5-methylcytosines/deoxy,*******************,TTAGGAAAGGACAGTGGGAG,1454.2654032333105,1011.0003771363947,54996348353.41781,0.7258959880000001
MMMMMddddddddddMMMMM,MOE/5-methylcytosines/deoxy,*******************,GAGGTGGAGGCGGCACCCCT,19382.454947675025,18384.125093798815,313808502310647.75,0.7305894109285714
MMMMMddddddddddMMMMM,MOE/5-methylcytosines/deoxy,*******************,GCTAATTCTTTAGCTATTCT,0.0,0.0,0.0,0.7500062837142857
MMMMMddddddddddMMMMM,MOE/5-methylcytosines/deoxy,*******************,AAAGGTGCTGCTGAGCAATC,2656.425004545424,2541.2562033011905,2024465250.0289204,0.7414674380714287
MMMMMddddddddddMMMMM,MOE/5-methylcytosines/deoxy,*******************,TATTCTCAAGTTTACAAAGC,0.0,0.0,0.0,0.7733932216428573
MMMMMddddddddddMMMMM,MOE/5-methylcytosines/deoxy,*******************,CAAAGACACTCGGAGAGACT,488.19551842417945,154.64387570909088,0.0,0.7042918978571429
MMMMMddddddddddMMMMM,MOE/5-methylcytosines/deoxy,*******************,CTCGGGGCCACTGGGCGGCG,19863.256698140736,18763.97128074865,1.896300001661291e+16,0.7247394391428571
MMMMMddddddddddMMMMM,MOE/5-methylcytosines/deoxy,*******************,GGGTCAAGGAAGGCACGGGG,5059.622039588717,4361.240339396232,22720070399.57532,0.7296592009285713
MMMMMddddddddddMMMMM,MOE/5-methylcytosines/deoxy,*******************,GGATAACTCAAACAAATCTT,0.0,0.0,0.0,0.7024707011428571
MMMMMddddddddddMMMMM,MOE/5-methylcytosines/deoxy,*******************,TCGAATCAGCAAAAGATGCT,0.0,0.0,0.0,0.7055350741428572
MMMMMddddddddddMMMMM,MOE/5-methylcytosines/deoxy,*******************,TTCTTCAAGGATGCTTTCTT,0.0,0.0,0.0,0.7356091907142857
MMMMMddddddddddMMMMM,MOE/5-methylcytosines/deoxy,*******************,CACCTGCTCTTCAAACTGAA,3876.126849825393,3043.299130269845,0.0,0.7360237654999999
MMMMMddddddddddMMMMM,MOE/5-methylcytosines/deoxy,*******************,CCTGCTCTTCAAACTGAAGC,1273.961864429021,666.5366970874431,0.0,0.7368706324999998
MMMMMddddddddddMMMMM,MOE/5-methylcytosines/deoxy,*******************,CCTTGGGCCGGGTGGTGCAG,20036.490143586914,19152.00780330929,230154299647939.06,0.7221270205000001
MMMMMddddddddddMMMMM,MOE/5-methylcytosines/deoxy,*******************,CGGCTGAGCCTTGGGCCGGG,18790.595012739257,17980.535107331973,403006410874.7808,0.7191603525000001
MMMMMddddddddddMMMMM,MOE/5-methylcytosines/deoxy,*******************,AAGTTCAGCTCTAATATCTT,0.0,0.0,0.0,0.7163755943571429
MMMMMddddddddddMMMMM,MOE/5-methylcytosines/deoxy,*******************,CGGCTTTGGCCAATAAGGAA,3428.312455466875,2964.3769301389275,0.0,0.7362769582142858
MMMMMddddddddddMMMMM,MOE/5-methylcytosines/deoxy,*******************,CCACTGGGCGGCGGAGGGTG,18940.458160815506,17842.453353585122,23052958035150.457,0.7342664320714286
MMMMMddddddddddMMMMM,MOE/5-methylcytosines/deoxy,*******************,GGTGGTGCAGCCGCGGCTGG,15764.190061086829,14878.48938623017,41735658416502.19,0.7434408180000001
MMMMMddddddddddMMMMM,MOE/5-methylcytosines/deoxy,*******************,TGAAATCCAAATCATCAGGA,0.0,0.0,0.0,0.7230274992857142
MMMMMddddddddddMMMMM,MOE/5-methylcytosines/deoxy,*******************,AACTCTTTTTCAAATTTCTT,0.0,0.0,0.0,0.7498981844285714
MMMMMddddddddddMMMMM,MOE/5-methylcytosines/deoxy,*******************,TGAAGCCTGAAATCCAAATC,197.91385149759918,196.53422436552148,0.0,0.7587169295
MMMMMddddddddddMMMMM,MOE/5-methylcytosines/deoxy,*******************,TCAAGTTTACAAAGCAAATC,0.0,0.0,0.0,0.7424543702142857
MMMMMddddddddddMMMMM,MOE/5-methylcytosines/deoxy,*******************,AAGTTCCAGCAACTTGCTAA,263.8581154247109,437.1215734843589,0.0,0.7138981881428571
MMMMMddddddddddMMMMM,MOE/5-methylcytosines/deoxy,*******************,GCGGAGAGAGGCTGAGGAAG,12076.838684689086,12142.077583655107,0.0,0.730975184857143
MMMMMddddddddddMMMMM,MOE/5-methylcytosines/deoxy,*******************,GATTGGTAGAGGAGGAGAAT,372.8160685965833,374.05094059175514,0.0,0.741760027142857
MMMMMddddddddddMMMMM,MOE/5-methylcytosines/deoxy,*******************,AGGCCTTCCACAATACAAAA,8821.378910086252,7896.874164277295,4558501282.171783,0.7112476069285715
MMMMMddddddddddMMMMM,MOE/5-methylcytosines/deoxy,*******************,ATCACTGCTTGCAAATGCAG,0.0,0.0,0.0,0.7527655595
MMMMMddddddddddMMMMM,MOE/5-methylcytosines/deoxy,*******************,TAAATTCATTTCTGATGTGA,0.0,0.0,0.0,0.7485982033571428
MMMMMddddddddddMMMMM,MOE/5-methylcytosines/deoxy,*******************,AAGACTTCCTGTCTTAGAAG,2860.580315543314,2010.2419285574335,0.0,0.7678503715714287
MMMMMddddddddddMMMMM,MOE/5-methylcytosines/deoxy,*******************,ATTCTTATGCTGGCAAATTT,357.898694152435,184.642792253904,0.0,0.7509540463571428
MMMMMddddddddddMMMMM,MOE/5-methylcytosines/deoxy,*******************,TTTGGCCAATAAGGAAAGGC,0.0,0.0,0.0,0.7194713342857142
MMMMMddddddddddMMMMM,MOE/5-methylcytosines/deoxy,*******************,CAAGTTTACAAAGCAAATCC,0.0,0.0,0.0,0.7320258060714285
MMMMMddddddddddMMMMM,MOE/5-methylcytosines/deoxy,*******************,AAATCTGGACATCTTTGTCA,0.0,0.0,0.0,0.762600735
MMMMMddddddddddMMMMM,MOE/5-methylcytosines/deoxy,*******************,TAAAACTTCTTCAAGGATGC,0.0,0.0,0.0,0.7485711202857142
MMMMMddddddddddMMMMM,MOE/5-methylcytosines/deoxy,*******************,GAGGAGAATTTTGTCCTCCA,5728.180673021299,4336.171543858531,3037849146.677479,0.7464458519285714
MMMMMddddddddddMMMMM,MOE/5-methylcytosines/deoxy,*******************,AAGTTCTCCATCATCTCTAA,396.95972801938564,188.91455698692783,0.0,0.7225056520714287
MMMMMddddddddddMMMMM,MOE/5-methylcytosines/deoxy,*******************,TTTGTTGGCAACAAAATGTA,0.0,176.5331454684811,0.0,0.7446678703571429
MMMMMddddddddddMMMMM,MOE/5-methylcytosines/deoxy,*******************,AAGGCCTCCAGCAGATTATC,14758.615303813447,13593.263230908606,899080486.0807346,0.7116102508571428
MMMMMddddddddddMMMMM,MOE/5-methylcytosines/deoxy,*******************,CAGGTTGGGAAGTGGAGGTC,3235.296098162845,2927.300908401304,0.0,0.7294808937142857
MMMMMddddddddddMMMMM,MOE/5-methylcytosines/deoxy,*******************,GTAGAGGAGGAGAATTTTGT,0.0,0.0,0.0,0.7288519381428572
MMMMMddddddddddMMMMM,MOE/5-methylcytosines/deoxy,*******************,AAATCTAGTCTTTTTCGATA,0.0,0.0,0.0,0.7597827156428572
MMMMMddddddddddMMMMM,MOE/5-methylcytosines/deoxy,*******************,TTTCAGCTCATGAATGAATT,0.0,0.0,0.0,0.7122776879285715
MMMMMddddddddddMMMMM,MOE/5-methylcytosines/deoxy,*******************,AAATGGCAGGATTGGTAGAG,178.31248842854637,176.38400921379323,0.0,0.7489153134285715
MMMMMddddddddddMMMMM,MOE/5-methylcytosines/deoxy,*******************,TGGTGCAGCCGCGGCTGGTG,16140.455423718127,15277.810008908882,29440607331788.02,0.7104795783571429
MMMMMddddddddddMMMMM,MOE/5-methylcytosines/deoxy,*******************,CAGTATTAATGTACTGCATC,0.0,0.0,0.0,0.7473681945
MMMMMddddddddddMMMMM,MOE/5-methylcytosines/deoxy,*******************,GGAGGCGGCACCCCTCCACC,22183.70818283179,20976.799213691094,2.1228947587384516e+16,0.7260878045714286
MMMMMddddddddddMMMMM,MOE/5-methylcytosines/deoxy,*******************,CAAACTTGTCATGCAAGTCC,0.0,0.0,0.0,0.7719301720714286
MMMMMddddddddddMMMMM,MOE/5-methylcytosines/deoxy,*******************,TAAACGCTTTTTCTTTTGTT,0.0,0.0,0.0,0.769190434142857
MMMMMddddddddddMMMMM,MOE/5-methylcytosines/deoxy,*******************,CCCAGGGGAGGTGGTGGAGG,16362.988461363519,15826.674625804491,199249272862.07,0.7417347203571428
MMMMMddddddddddMMMMM,MOE/5-methylcytosines/deoxy,*******************,GCAAGTCCTCAGGAGGGGGA,9321.917642215627,8536.207991715812,13196025787.824787,0.7162648615
MMMMMddddddddddMMMMM,MOE/5-methylcytosines/deoxy,*******************,GGGCGGCGGAGGGTGTTGGG,16702.287586339942,15335.289990631698,15008353854493.408,0.7219919612857142
MMMMMddddddddddMMMMM,MOE/5-methylcytosines/deoxy,*******************,TCTTTGTCACAAACTTGTCA,0.0,0.0,0.0,0.7061780510714286
MMMMMddddddddddMMMMM,MOE/5-methylcytosines/deoxy,*******************,TTTTGTCCTCCAAGGAATCC,6266.246275724567,4958.160749033967,3037849146.677479,0.7212946699285715
MMMMMddddddddddMMMMM,MOE/5-methylcytosines/deoxy,*******************,CATTTAGGTGACCTTATAAA,371.57745595825713,173.86960791892412,0.0,0.757750297857143
MMMMMddddddddddMMMMM,MOE/5-methylcytosines/deoxy,*******************,ATCTGTCAATTTTTTTTTCT,0.0,0.0,0.0,0.7430247795714287
MMMMMddddddddddMMMMM,MOE/5-methylcytosines/deoxy,*******************,ATAGTATCCTATTATACTCT,0.0,0.0,0.0,0.7253474045
MMMMMddddddddddMMMMM,MOE/5-methylcytosines/deoxy,*******************,GGCCGGGTGGTGCAGCCGCG,19853.556520138565,18907.942189422705,1172405136058779.8,0.7454626846428571
MMMMMddddddddddMMMMM,MOE/5-methylcytosines/deoxy,*******************,GATACACACTCATCAATTAA,0.0,0.0,0.0,0.708842899857143
MMMMMddddddddddMMMMM,MOE/5-methylcytosines/deoxy,*******************,CTTTGTCACAAACTTGTCAT,0.0,0.0,0.0,0.7139937068571429
MMMMMddddddddddMMMMM,MOE/5-methylcytosines/deoxy,*******************,ACCCCTCCACCAGAAGGCAG,20549.4313157778,19512.211127971743,7835946079367.237,0.7061772316428572
MMMMMddddddddddMMMMM,MOE/5-methylcytosines/deoxy,*******************,CTTTTTGTTGGCAACAAAAT,0.0,176.5331454684811,0.0,0.7781320878571429
MMMMMddddddddddMMMMM,MOE/5-methylcytosines/deoxy,*******************,TGGTAGAGGAGGAGAATTTT,372.8160685965833,374.05094059175514,0.0,0.7251922222142857
MMMMMddddddddddMMMMM,MOE/5-methylcytosines/deoxy,*******************,CAAATGGCAGGATTGGTAGA,178.31248842854637,176.38400921379323,0.0,0.7562437695714286
MMMMMddddddddddMMMMM,MOE/5-methylcytosines/deoxy,*******************,ATTGAAAGGTTCTGGGCAAT,1439.200368321293,1222.5168587913251,0.0,0.7389509932857142
MMMMMddddddddddMMMMM,MOE/5-methylcytosines/deoxy,*******************,CTTTCTTCCCCTACAATGCA,17119.70743718696,16173.31747470138,1954271746.4309878,0.7177175454285715
MMMMMddddddddddMMMMM,MOE/5-methylcytosines/deoxy,*******************,ACCAAACTGAGACTTAAAAG,0.0,0.0,0.0,0.7459749677857144
MMMMMddddddddddMMMMM,MOE/5-methylcytosines/deoxy,*******************,AGGAGGGGGAAAGGTTTCCA,6146.5039045167905,5295.324923726809,13196025787.824787,0.7322883638571429
MMMMMddddddddddMMMMM,MOE/5-methylcytosines/deoxy,*******************,TATGAGTGTCTAGATTATAA,0.0,0.0,0.0,0.756404481357143
MMMMMddddddddddMMMMM,MOE/5-methylcytosines/deoxy,*******************,GGTGCAGCCGCGGCTGGTGC,16209.178626776024,15331.808311530449,48078474801474.14,0.7257457888571428
MMMMMddddddddddMMMMM,MOE/5-methylcytosines/deoxy,*******************,AAGAGCTCAGGAAGATTGAA,0.0,0.0,0.0,0.7417618850714286
MMMMMddddddddddMMMMM,MOE/5-methylcytosines/deoxy,*******************,TTTAAATTCATATCTTCCAT,0.0,0.0,0.0,0.735538564642857
MMMMMddddddddddMMMMM,MOE/5-methylcytosines/deoxy,*******************,AACTTGTCATGCAAGTCCTC,0.0,0.0,0.0,0.7462872603571429
MMMMMddddddddddMMMMM,MOE/5-methylcytosines/deoxy,*******************,AGGGGCAAACAACAGATGGC,0.0,0.0,0.0,0.6950602082857144
MMMMMddddddddddMMMMM,MOE/5-methylcytosines/deoxy,*******************,AGCCTGAAATCCAAATCATC,197.91385149759918,196.53422436552148,0.0,0.6998420022142857
MMMMMddddddddddMMMMM,MOE/5-methylcytosines/deoxy,*******************,GGCTTTGGCCAATAAGGAAA,2861.7128284153127,2423.961488133704,0.0,0.7300760887142858
MMMMMddddddddddMMMMM,MOE/5-methylcytosines/deoxy,*******************,GCGGCTGAGCCTTGGGCCGG,17779.424772460985,16584.688436420496,36393208950.45387,0.7406210460000001
MMMMMddddddddddMMMMM,MOE/5-methylcytosines/deoxy,*******************,CTGGGCGGCGGAGGGTGTTG,18654.37595115156,17530.777627705942,23052958035150.457,0.7157422660714285
MMMMMddddddddddMMMMM,MOE/5-methylcytosines/deoxy,*******************,GTTTTCATACTTATTTTCAT,0.0,0.0,0.0,0.720405001642857
MMMMMddddddddddMMMMM,MOE/5-methylcytosines/deoxy,*******************,TTCTAAAACTTCTTCAAGGA,0.0,0.0,0.0,0.7213429857857143
MMMMMddddddddddMMMMM,MOE/5-methylcytosines/deoxy,*******************,TTTATTAGGAAAGGACAGTG,0.0,0.0,0.0,0.7281672339285714
MMMMMddddddddddMMMMM,MOE/5-methylcytosines/deoxy,*******************,TTATTCAGGTCAGTAAGAAA,0.0,0.0,0.0,0.7586376607857142
MMMMMddddddddddMMMMM,MOE/5-methylcytosines/deoxy,*******************,TTTTTTGATATTCTCCTTTA,0.0,0.0,0.0,0.7579664680714285
MMMMMddddddddddMMMMM,MOE/5-methylcytosines/deoxy,*******************,TCCACCAGAAGGCAGTGGAG,4882.328059294274,4099.948114366513,3210278516.1859527,0.730728462357143
MMMMMddddddddddMMMMM,MOE/5-methylcytosines/deoxy,*******************,CCAATAAGGAAAGGCTCCTC,4244.746520944446,3256.1636259695106,1243951000.1720843,0.7153665201428571
MMMMMddddddddddMMMMM,MOE/5-methylcytosines/deoxy,*******************,TCTTGAACTGAGACAATGAA,0.0,0.0,0.0,0.7043999415
MMMMMddddddddddMMMMM,MOE/5-methylcytosines/deoxy,*******************,ATTTACTTTTATCCAGAAAC,0.0,0.0,0.0,0.7699867460714286
MMMMMddddddddddMMMMM,MOE/5-methylcytosines/deoxy,*******************,AAGTATTGTTGCCTTATAAA,0.0,0.0,0.0,0.7894163637857143
MMMMMddddddddddMMMMM,MOE/5-methylcytosines/deoxy,*******************,ATCTTTGTCACAAACTTGTC,0.0,0.0,0.0,0.7558004877142859
MMMMMddddddddddMMMMM,MOE/5-methylcytosines/deoxy,*******************,AATGAAACTTGGGGCGCTTC,9552.84121427282,8587.189854575941,5233599378.656277,0.7395433100714287
MMMMMddddddddddMMMMM,MOE/5-methylcytosines/deoxy,*******************,CGGGGCCACTGGGCGGCGGA,20313.214248263255,19077.626875518745,4.353035066106717e+17,0.711741372
MMMMMddddddddddMMMMM,MOE/5-methylcytosines/deoxy,*******************,CGAAAAGAGCTCAGGAAGAT,0.0,0.0,0.0,0.7323915397142857
MMMMMddddddddddMMMMM,MOE/5-methylcytosines/deoxy,*******************,GAGGCAAAGGAATATTACAA,0.0,0.0,0.0,0.7170091142857143
MMMMMddddddddddMMMMM,MOE/5-methylcytosines/deoxy,*******************,ATAACAAATCTGGACATCTT,0.0,0.0,0.0,0.7108030695
MMMMMddddddddddMMMMM,MOE/5-methylcytosines/deoxy,*******************,AGCGGCTGAGCCTTGGGCCG,15580.981267964873,14630.08031928001,12243480968.739216,0.7303610500000001
MMMMMddddddddddMMMMM,MOE/5-methylcytosines/deoxy,*******************,ATTTTCATGGTTACAAACTT,0.0,0.0,0.0,0.7573118792142856
MMMMMddddddddddMMMMM,MOE/5-methylcytosines/deoxy,*******************,AATTCTTATGCTGGCAAATT,357.898694152435,184.642792253904,0.0,0.7530844857142858
MMMMMddddddddddMMMMM,MOE/5-methylcytosines/deoxy,*******************,TGAATGGCATCCGCATTCCT,2000.3327454579114,991.7122840663747,0.0,0.7279474651428572
MMMMMddddddddddMMMMM,MOE/5-methylcytosines/deoxy,*******************,TATTAGGAAAGGACAGTGGG,691.3803399328332,690.637168253179,14201641260.833069,0.7270277992857144
MMMMMddddddddddMMMMM,MOE/5-methylcytosines/deoxy,*******************,AGTCTTCATTTCTAATAAAC,0.0,0.0,0.0,0.7485982033571428
MMMMMddddddddddMMMMM,MOE/5-methylcytosines/deoxy,*******************,ATGGGATAACTCAAACAAAT,0.0,0.0,0.0,0.7216020062142857
MMMMMddddddddddMMMMM,MOE/5-methylcytosines/deoxy,*******************,TTAAATTCTTTCTTTGGTTT,183.60951857124917,181.49866944138043,0.0,0.744403022
MMMMMddddddddddMMMMM,MOE/5-methylcytosines/deoxy,*******************,AGTTCCAGCAACTTGCTAAA,263.8581154247109,437.1215734843589,0.0,0.7116856646428573
MMMMMddddddddddMMMMM,MOE/5-methylcytosines/deoxy,*******************,CTGACAGCCATGATGTCAGG,2002.145273280219,1302.4844636985183,0.0,0.7147101152142856
MMMMMddddddddddMMMMM,MOE/5-methylcytosines/deoxy,*******************,CTGAGACAATGAATTTAATT,0.0,0.0,0.0,0.7453737103571428
MMMMMddddddddddMMMMM,MOE/5-methylcytosines/deoxy,*******************,TGGGCCGGGTGGTGCAGCCG,20449.9972009014,19277.849284780747,467457917699064.44,0.7363658235714287
MMMMMddddddddddMMMMM,MOE/5-methylcytosines/deoxy,*******************,TGTCTTAGAAGCAGTATTAA,0.0,0.0,0.0,0.7353458513571428
MMMMMddddddddddMMMMM,MOE/5-methylcytosines/deoxy,*******************,CATAGTATCCTATTATACTC,0.0,0.0,0.0,0.7131341029999999
MMMMMddddddddddMMMMM,MOE/5-methylcytosines/deoxy,*******************,AAATTCATATCTTCCATCAT,0.0,0.0,0.0,0.7430209262857144
MMMMMddddddddddMMMMM,MOE/5-methylcytosines/deoxy,*******************,AGGAAGGGTAGGGAGTCCCA,4804.320966354756,4007.3014711124642,0.0,0.7320903864285715
MMMMMddddddddddMMMMM,MOE/5-methylcytosines/deoxy,*******************,TCTGTCAATTTTTTTTTCTT,0.0,0.0,0.0,0.7426778398571428
MMMMMddddddddddMMMMM,MOE/5-methylcytosines/deoxy,*******************,TGATTTCAGGTTTAAATTCT,0.0,0.0,0.0,0.7518767976428571
MMMMMddddddddddMMMMM,MOE/5-methylcytosines/deoxy,*******************,CTCCACCAGAAGGCAGTGGA,6774.336508737978,5936.110930188965,40947589222.9139,0.7414214929285714
MMMMMddddddddddMMMMM,MOE/5-methylcytosines/deoxy,*******************,TCGGGGCCACTGGGCGGCGG,20284.998591720017,19072.208177180666,4.3540875346984704e+17,0.7071200580714286
MMMMMddddddddddMMMMM,MOE/5-methylcytosines/deoxy,*******************,GGCAGTGGAGGCGGAGGAGG,12702.297201338948,11217.182292922194,0.0,0.7427220622857144
MMMMMddddddddddMMMMM,MOE/5-methylcytosines/deoxy,*******************,CTTAAAGAGAATAGCACTGA,0.0,0.0,0.0,0.7241203570714285
MMMMMddddddddddMMMMM,MOE/5-methylcytosines/deoxy,*******************,GGTAGAGGAGGAGAATTTTG,179.54758428612425,184.01868157420623,0.0,0.731142992357143
MMMMMddddddddddMMMMM,MOE/5-methylcytosines/deoxy,*******************,GGCGGCGGAGGGTGTTGGGG,15746.055077356797,14288.756362246602,434041368990.36127,0.7230540557142857
MMMMMddddddddddMMMMM,MOE/5-methylcytosines/deoxy,*******************,TTTCGAATCAGCAAAAGATG,0.0,0.0,0.0,0.7140636456428571
MMMMMddddddddddMMMMM,MOE/5-methylcytosines/deoxy,*******************,TTCTTCACCAGCTGAAGTTA,3123.0232187271336,2076.4551126008573,0.0,0.7181747314285715
MMMMMddddddddddMMMMM,MOE/5-methylcytosines/deoxy,*******************,CTTTATGTTGATTTTTCTTT,0.0,0.0,0.0,0.7771241770714284
MMMMMddddddddddMMMMM,MOE/5-methylcytosines/deoxy,*******************,AATCCAAATCATCAGGAGAT,0.0,0.0,0.0,0.7150324591428571
MMMMMddddddddddMMMMM,MOE/5-methylcytosines/deoxy,*******************,AGAAATAAAATATCCCTCTG,8769.939313764236,8315.283033885013,0.0,0.7086272662857144
MMMMMddddddddddMMMMM,MOE/5-methylcytosines/deoxy,*******************,CACAAACTTGTCATGCAAGT,0.0,0.0,0.0,0.7829258325714286
MMMMMddddddddddMMMMM,MOE/5-methylcytosines/deoxy,*******************,TCTTATGCTGGCAAATTTGT,345.97143740136164,172.84453076803152,0.0,0.7494481613571429
MMMMMddddddddddMMMMM,MOE/5-methylcytosines/deoxy,*******************,TTTCTTCTCTTCAATATCTT,187.30373190655382,0.0,0.0,0.7473045902142857
MMMMMddddddddddMMMMM,MOE/5-methylcytosines/deoxy,*******************,ATGTTGTAAACATCATATGC,0.0,0.0,0.0,0.7237568979285713
MMMMMddddddddddMMMMM,MOE/5-methylcytosines/deoxy,*******************,TAGAAGCAGTATTAATGTAC,0.0,0.0,0.0,0.7240289654999998
MMMMMddddddddddMMMMM,MOE/5-methylcytosines/deoxy,*******************,TTTAACCAATTCAATCTTCT,0.0,0.0,0.0,0.7467226353571428
MMMMMddddddddddMMMMM,MOE/5-methylcytosines/deoxy,*******************,TTTTTGATATTCTCCTTTAT,0.0,0.0,0.0,0.7394690389285713
MMMMMddddddddddMMMMM,MOE/5-methylcytosines/deoxy,*******************,AATGAATTTAATTGCTCTTG,0.0,0.0,0.0,0.7408755034285714
MMMMMddddddddddMMMMM,MOE/5-methylcytosines/deoxy,*******************,GGAGGGTGTTGGGGGCCCTT,16909.925554763162,16072.26234140917,1290045862819.3882,0.7646463247142858
MMMMMddddddddddMMMMM,MOE/5-methylcytosines/deoxy,*******************,CTTATGCTGGCAAATTTGTC,0.0,0.0,0.0,0.7342019972857142
MMMMMddddddddddMMMMM,MOE/5-methylcytosines/deoxy,*******************,CTTTGGCCAATAAGGAAAGG,1467.4796913177536,1426.6891979868674,0.0,0.7337366237142857
MMMMMddddddddddMMMMM,MOE/5-methylcytosines/deoxy,*******************,TTCACCAGCTGAAGTTAAAG,1676.2443615795114,850.2248714641361,0.0,0.7397844881428571
MMMMMddddddddddMMMMM,MOE/5-methylcytosines/deoxy,*******************,TTCCAAATCATCCACAAAAT,0.0,0.0,0.0,0.7155392012857142
MMMMMddddddddddMMMMM,MOE/5-methylcytosines/deoxy,*******************,CAATATCATCATTCTGATTT,0.0,0.0,0.0,0.7356832505714285
MMMMMddddddddddMMMMM,MOE/5-methylcytosines/deoxy,*******************,AAGGCTCCTCTCCTCACTCA,13846.915883453743,12404.112460350725,596656818923.9009,0.7431867231428572
MMMMMddddddddddMMMMM,MOE/5-methylcytosines/deoxy,*******************,TAAGGAAAGGCTCCTCTCCT,12596.190270545616,11299.49680357307,596656818923.9009,0.7186075640714286
MMMMMddddddddddMMMMM,MOE/5-methylcytosines/deoxy,*******************,AGAGAGAGCTAAGGTTAAAT,0.0,0.0,0.0,0.7182272345714286
MMMMMddddddddddMMMMM,MOE/5-methylcytosines/deoxy,*******************,AACAAATCTGGACATCTTTG,0.0,0.0,0.0,0.7656246147142858
MMMMMddddddddddMMMMM,MOE/5-methylcytosines/deoxy,*******************,ATTTTCATTTACTTTTATCC,0.0,0.0,0.0,0.7499843166428573
MMMMMddddddddddMMMMM,MOE/5-methylcytosines/deoxy,*******************,GCAGCCGCGGCTGGTGCCGT,18124.988586945758,17259.605161146617,366648445142035.9,0.7238331098571429
MMMMMddddddddddMMMMM,MOE/5-methylcytosines/deoxy,*******************,GGAAGGGTAGGGAGTCCCAG,10661.840379995992,9759.506060916661,0.0,0.7399060422142858
MMMMMddddddddddMMMMM,MOE/5-methylcytosines/deoxy,*******************,ATCTAAATCTAGTCTTTTTC,0.0,0.0,0.0,0.7231040657857142
MMMMMddddddddddMMMMM,MOE/5-methylcytosines/deoxy,*******************,CTCCTCTCCTCACTCATAAT,12857.042631921486,11189.222356388702,865771668.2108878,0.7300144473571429
MMMMMddddddddddMMMMM,MOE/5-methylcytosines/deoxy,*******************,CACCAAACTGAGACTTAAAA,0.0,0.0,0.0,0.7142734087857142
MMMMMddddddddddMMMMM,MOE/5-methylcytosines/deoxy,*******************,CTTATAAAGCTCGTAATCTT,0.0,0.0,0.0,0.7093819279285715
MMMMMddddddddddMMMMM,MOE/5-methylcytosines/deoxy,*******************,CAGAGAGAGCTAAGGTTAAA,0.0,0.0,0.0,0.7110421043571428
MMMMMddddddddddMMMMM,MOE/5-methylcytosines/deoxy,*******************,TTAAAGAGAATAGCACTGAG,0.0,0.0,0.0,0.7222896665
MMMMMddddddddddMMMMM,MOE/5-methylcytosines/deoxy,*******************,TAATGCATTTTAAATTTGGC,0.0,0.0,0.0,0.7499798878571428
MMMMMddddddddddMMMMM,MOE/5-methylcytosines/deoxy,*******************,AATCATCAGGAGATGTAACC,0.0,0.0,0.0,0.7318567137142857
MMMMMddddddddddMMMMM,MOE/5-methylcytosines/deoxy,*******************,CCACCAGAAGGCAGTGGAGG,2304.6262602269276,1865.2743523509264,0.0,0.7459946728571429
MMMMMddddddddddMMMMM,MOE/5-methylcytosines/deoxy,*******************,CGGAGGGTGTTGGGGGCCCT,17016.773782004973,16112.900384657803,1290045862819.3882,0.7708053031428571
MMMMMddddddddddMMMMM,MOE/5-methylcytosines/deoxy,*******************,TTCTTCCCCTACAATGCATA,16955.128813037398,16036.535614513416,1954271746.4309878,0.7217023989285715
MMMMMddddddddddMMMMM,MOE/5-methylcytosines/deoxy,*******************,TCCTCTCCTCACTCATAATT,12572.125885975487,10980.350315679749,865771668.2108878,0.717724747
MMMMMddddddddddMMMMM,MOE/5-methylcytosines/deoxy,*******************,AGAAGCAGTATTAATGTACT,0.0,0.0,0.0,0.7339987107142857
MMMMMddddddddddMMMMM,MOE/5-methylcytosines/deoxy,*******************,TGGACATCTTTGTCACAAAC,0.0,0.0,0.0,0.7416748917142856
MMMMMddddddddddMMMMM,MOE/5-methylcytosines/deoxy,*******************,TACAAGTTCCAGCAACTTGC,263.8581154247109,437.1215734843589,0.0,0.7245201705714287
MMMMMddddddddddMMMMM,MOE/5-methylcytosines/deoxy,*******************,TTCAGCTCATGAATGAATTC,0.0,0.0,0.0,0.7591043889999999
MMMMMddddddddddMMMMM,MOE/5-methylcytosines/deoxy,*******************,CATATGGCACCCGAAAAGAG,12401.392574816564,11702.1420079774,3351329605.2432,0.7275810147857144
MMMMMddddddddddMMMMM,MOE/5-methylcytosines/deoxy,*******************,GAAATCCAAATCATCAGGAG,0.0,0.0,0.0,0.7332824090714285
MMMMMddddddddddMMMMM,MOE/5-methylcytosines/deoxy,*******************,TATACTCTGGTATAACTTTT,0.0,0.0,0.0,0.7530641795714285
MMMMMddddddddddMMMMM,MOE/5-methylcytosines/deoxy,*******************,AAAGGACAGTGGGAGTGGCA,4224.285151138018,3663.298603534797,54996348353.41781,0.7101105973571429
MMMMMddddddddddMMMMM,MOE/5-methylcytosines/deoxy,*******************,CAAGTCCTCAGGAGGGGGAA,9273.43310134015,8485.45686798715,13196025787.824787,0.7060133251428571
MMMMMddddddddddMMMMM,MOE/5-methylcytosines/deoxy,*******************,AAATTTGGCAATATCTCTTT,0.0,0.0,0.0,0.7342289237142857
MMMMMddddddddddMMMMM,MOE/5-methylcytosines/deoxy,*******************,TCATTTCGAATCAGCAAAAG,0.0,0.0,0.0,0.7309829290714286
MMMMMddddddddddMMMMM,MOE/5-methylcytosines/deoxy,*******************,ATTTCTTTTTTGATACTGAA,0.0,0.0,0.0,0.7582238574285715
MMMMMddddddddddMMMMM,MOE/5-methylcytosines/deoxy,*******************,AGGCAGTGGAGGCGGAGGAG,12553.997982209941,11086.669407605565,0.0,0.7415930384999998
MMMMMddddddddddMMMMM,MOE/5-methylcytosines/deoxy,*******************,TAGAGGAGGAGAATTTTGTC,0.0,0.0,0.0,0.736079731
MMMMMddddddddddMMMMM,MOE/5-methylcytosines/deoxy,*******************,GCGGCGGAGGGTGTTGGGGG,16140.65970612153,14614.54737323285,4504325621389.063,0.7291839106428571
MMMMMddddddddddMMMMM,MOE/5-methylcytosines/deoxy,*******************,ATGCTGGCAAATTTGTCCAG,0.0,0.0,0.0,0.7203465904999999
MMMMMddddddddddMMMMM,MOE/5-methylcytosines/deoxy,*******************,ATACAAGTTCCAGCAACTTG,263.8581154247109,437.1215734843589,0.0,0.7439623490714286
MMMMMddddddddddMMMMM,MOE/5-methylcytosines/deoxy,*******************,TTCCAGCAACTTGCTAAAGC,247.08904931539834,252.5752474099315,0.0,0.7255913379285716
MMMMMddddddddddMMMMM,MOE/5-methylcytosines/deoxy,*******************,TACATTACACGCTTCCTTCT,2271.433989309499,2478.3391838210055,0.0,0.7274574762142858
MMMMMddddddddddMMMMM,MOE/5-methylcytosines/deoxy,*******************,AGAGAGGCTGAGGAAGGGTA,12518.405278505008,12594.312197760994,0.0,0.7248396839999999
MMMMMddddddddddMMMMM,MOE/5-methylcytosines/deoxy,*******************,TATAACTTTTCCATGTTTTC,396.3542406412323,520.6030318907789,0.0,0.7727420475714286
MMMMMddddddddddMMMMM,MOE/5-methylcytosines/deoxy,*******************,ACATTACACGCTTCCTTCTT,2297.964828470833,2491.094738358324,0.0,0.737712386
MMMMMddddddddddMMMMM,MOE/5-methylcytosines/deoxy,*******************,AAAACTTCTTCAAGGATGCT,0.0,0.0,0.0,0.7380916907857143
MMMMMddddddddddMMMMM,MOE/5-methylcytosines/deoxy,*******************,GAAGGGTAGGGAGTCCCAGC,12326.925526731071,11513.548703702605,0.0,0.7206674596428572
MMMMMddddddddddMMMMM,MOE/5-methylcytosines/deoxy,*******************,AAAAAGAGCCAAGAAGTTCC,0.0,0.0,0.0,0.7122192868571429
MMMMMddddddddddMMMMM,MOE/5-methylcytosines/deoxy,*******************,AGGAGGAGAATTTTGTCCTC,487.15005071491294,156.04070607452857,0.0,0.7388315322142857
MMMMMddddddddddMMMMM,MOE/5-methylcytosines/deoxy,*******************,GAGGGTGTTGGGGGCCCTTC,17067.174283418062,16401.139142369924,1290045862819.3882,0.7706605514285715
MMMMMddddddddddMMMMM,MOE/5-methylcytosines/deoxy,*******************,CGGGTGGTGCAGCCGCGGCT,15748.001870662596,14903.181879754395,20903616911555.887,0.7480205745714285
MMMMMddddddddddMMMMM,MOE/5-methylcytosines/deoxy,*******************,ACAAACTTGTCATGCAAGTC,0.0,0.0,0.0,0.7842198724285713
MMMMMddddddddddMMMMM,MOE/5-methylcytosines/deoxy,*******************,CAGCCGCGGAGAGAGGCTGA,12311.841163945192,11814.766861298987,763128502238.7434,0.7362138502857142
MMMMMddddddddddMMMMM,MOE/5-methylcytosines/deoxy,*******************,AATATCATCATTCTGATTTC,0.0,0.0,0.0,0.7388972070714287
MMMMMddddddddddMMMMM,MOE/5-methylcytosines/deoxy,*******************,AATAAGGAAAGGCTCCTCTC,5166.5089818409615,3973.593240191297,1243951000.1720843,0.7278182916428573
MMMMMddddddddddMMMMM,MOE/5-methylcytosines/deoxy,*******************,TCCAAATCATCCACAAAATT,0.0,0.0,0.0,0.7115095648571428
MMMMMddddddddddMMMMM,MOE/5-methylcytosines/deoxy,*******************,AGAAGGCAGTGGAGGCGGAG,11006.140052326888,9332.338486034838,0.0,0.727713276
MMMMMddddddddddMMMMM,MOE/5-methylcytosines/deoxy,*******************,CATTACACGCTTCCTTCTTC,3235.711503626864,3404.9864623573612,0.0,0.7414164636428572
MMMMMddddddddddMMMMM,MOE/5-methylcytosines/deoxy,*******************,GCGGCTGGTGCCGTTCCATG,11357.809221894926,10106.64649805904,522986373285.55975,0.7538328815
MMMMMddddddddddMMMMM,MOE/5-methylcytosines/deoxy,*******************,TTTTTTTGATATTCTCCTTT,0.0,0.0,0.0,0.7670393978571429
MMMMMddddddddddMMMMM,MOE/5-methylcytosines/deoxy,*******************,ATGTTGATTTTTCTTTACAA,0.0,0.0,0.0,0.7604593962142856
MMMMMddddddddddMMMMM,MOE/5-methylcytosines/deoxy,*******************,CAAGTTCCAGCAACTTGCTA,263.8581154247109,437.1215734843589,0.0,0.7151192464285715
MMMMMddddddddddMMMMM,MOE/5-methylcytosines/deoxy,*******************,TTTGATATTCTCCTTTATTG,0.0,0.0,0.0,0.7516197502857143
MMMMMddddddddddMMMMM,MOE/5-methylcytosines/deoxy,*******************,ATCTTTAACCAATTCAATCT,0.0,0.0,0.0,0.7049657460000001
MMMMMddddddddddMMMMM,MOE/5-methylcytosines/deoxy,*******************,ATTTTGTCCTCCAAGGAATC,6263.57343901432,4955.8325933808355,3037849146.677479,0.7208314025
MMMMMddddddddddMMMMM,MOE/5-methylcytosines/deoxy,*******************,TTTTTGTTGGCAACAAAATG,0.0,176.5331454684811,0.0,0.7628520827142856
MMMMMddddddddddMMMMM,MOE/5-methylcytosines/deoxy,*******************,ATGAGTGTCTAGATTATAAT,0.0,0.0,0.0,0.7642201371428573
MMMMMddddddddddMMMMM,MOE/5-methylcytosines/deoxy,*******************,AAAGAGCTCAGGAAGATTGA,0.0,0.0,0.0,0.7091028489999999
MMMMMddddddddddMMMMM,MOE/5-methylcytosines/deoxy,*******************,GGCCTTCCACAATACAAAAA,8674.243514293321,7639.304463372803,4558501282.171783,0.7104707184285715
MMMMMddddddddddMMMMM,MOE/5-methylcytosines/deoxy,*******************,AATTTCTTGTAAAGTTCTGA,0.0,0.0,0.0,0.7777430364999999
MMMMMddddddddddMMMMM,MOE/5-methylcytosines/deoxy,*******************,GCAAAAGATGCTGAAGAATA,0.0,0.0,0.0,0.7449784059285715
MMMMMddddddddddMMMMM,MOE/5-methylcytosines/deoxy,*******************,TGGGCGGCGGAGGGTGTTGG,17278.159833045633,16060.198417752968,23044647883719.48,0.7173706473571428
MMMMMddddddddddMMMMM,MOE/5-methylcytosines/deoxy,*******************,TCTACAAACTGGGTTAAATC,0.0,0.0,0.0,0.6993429298571427
MMMMMddddddddddMMMMM,MOE/5-methylcytosines/deoxy,*******************,CATTTCGAATCAGCAAAAGA,0.0,0.0,0.0,0.7216947536428572
MMMMMddddddddddMMMMM,MOE/5-methylcytosines/deoxy,*******************,GCTTAAAGAGAATAGCACTG,0.0,0.0,0.0,0.7221368664285714
MMMMMddddddddddMMMMM,MOE/5-methylcytosines/deoxy,*******************,TACACACTCATCAATTAATT,0.0,0.0,0.0,0.7268572786428571
MMMMMddddddddddMMMMM,MOE/5-methylcytosines/deoxy,*******************,ATCCCAGGGGAGGTGGTGGA,17412.11138651189,16503.33518879257,100250620507.79065,0.7199873675714287
MMMMMddddddddddMMMMM,MOE/5-methylcytosines/deoxy,*******************,AGCCGCGGAGAGAGGCTGAG,12632.803464650284,12119.153822601922,103837642416.94574,0.7288853941428572
MMMMMddddddddddMMMMM,MOE/5-methylcytosines/deoxy,*******************,CCGGGTGGTGCAGCCGCGGC,17754.421548801212,16664.305622940505,317927749140638.2,0.7448066180714286
MMMMMddddddddddMMMMM,MOE/5-methylcytosines/deoxy,*******************,CCTTTTTATCTTCATTTAAA,0.0,0.0,0.0,0.7413491121428571
MMMMMddddddddddMMMMM,MOE/5-methylcytosines/deoxy,*******************,ATCATTCTTAATGCATTTTA,0.0,0.0,0.0,0.7360927734285714
MMMMMddddddddddMMMMM,MOE/5-methylcytosines/deoxy,*******************,CCAAATCATCCACAAAATTC,0.0,0.0,0.0,0.7194442242142857
MMMMMddddddddddMMMMM,MOE/5-methylcytosines/deoxy,*******************,GCTCTTCAAACTGAAGCTTA,0.0,0.0,0.0,0.7173663245
MMMMMddddddddddMMMMM,MOE/5-methylcytosines/deoxy,*******************,AGGAATCCCAGGGGAGGTGG,16671.25598132959,15879.988036627645,100250620507.79065,0.7074911255714287
MMMMMddddddddddMMMMM,MOE/5-methylcytosines/deoxy,*******************,CAAATTTCTTGTAAAGTTCT,0.0,0.0,0.0,0.7815012090714285
MMMMMddddddddddMMMMM,MOE/5-methylcytosines/deoxy,*******************,TCTTTAACCAATTCAATCTT,0.0,0.0,0.0,0.7048673312857143
MMMMMddddddddddMMMMM,MOE/5-methylcytosines/deoxy,*******************,ACCTGCTCTTCAAACTGAAG,3735.6963539374974,2961.757582078197,0.0,0.7354206048571429
MMMMMddddddddddMMMMM,MOE/5-methylcytosines/deoxy,*******************,AGGCAAAGGAATATTACAAT,0.0,0.0,0.0,0.7207131919285714
MMMMMddddddddddMMMMM,MOE/5-methylcytosines/deoxy,*******************,GTGGAGGCGGCACCCCTCCA,20967.12335709182,19829.842974306684,1.2875796009580262e+16,0.7256613466428571
MMMMMddddddddddMMMMM,MOE/5-methylcytosines/deoxy,*******************,ACAAACTGGGTTAAATCTAA,0.0,0.0,0.0,0.7431165825
MMMMMddddddddddMMMMM,MOE/5-methylcytosines/deoxy,*******************,GGCGGAGGAGGAAGTGCTGA,7776.063769769088,6980.822983346204,0.0,0.739739911
MMMMMddddddddddMMMMM,MOE/5-methylcytosines/deoxy,*******************,TCATACTTATTTTCATTTAC,0.0,0.0,0.0,0.7549395902142856
MMMMMddddddddddMMMMM,MOE/5-methylcytosines/deoxy,*******************,GGAGGGGGAAAGGTTTCCAA,6008.794679779493,5152.648674372713,4975804000.688337,0.7242141027142859
MMMMMddddddddddMMMMM,MOE/5-methylcytosines/deoxy,*******************,CTGGCAAATTTGTCCAGCAT,342.7571476233711,332.15861916507595,0.0,0.728667176
MMMMMddddddddddMMMMM,MOE/5-methylcytosines/deoxy,*******************,GTTAAAGCTTCTAAAACTTC,0.0,0.0,0.0,0.746245289357143
MMMMMddddddddddMMMMM,MOE/5-methylcytosines/deoxy,*******************,TTTCTAATAAACGCTTTTTC,0.0,0.0,0.0,0.7140446815714284
MMMMMddddddddddMMMMM,MOE/5-methylcytosines/deoxy,*******************,TTTCTTCCCCTACAATGCAT,17042.842618826147,16113.72307041536,1954271746.4309878,0.7229234572142856
MMMMMddddddddddMMMMM,MOE/5-methylcytosines/deoxy,*******************,TTTGTCACAAACTTGTCATG,0.0,0.0,0.0,0.6971680981428572
MMMMMddddddddddMMMMM,MOE/5-methylcytosines/deoxy,*******************,TATTCAGGTCAGTAAGAAAG,0.0,0.0,0.0,0.7463479604285714
MMMMMddddddddddMMMMM,MOE/5-methylcytosines/deoxy,*******************,TGTCTAGATTATAATTAAGC,0.0,0.0,0.0,0.7431242652857143
MMMMMddddddddddMMMMM,MOE/5-methylcytosines/deoxy,*******************,TTAAATGAAACTTGGGGCGC,8983.426982960711,7891.949680888235,4724221191.6184025,0.7492179646428572
MMMMMddddddddddMMMMM,MOE/5-methylcytosines/deoxy,*******************,AATATCTTCCTCTTCTCTTC,4325.711985501603,3540.8329571118875,0.0,0.7387714544285716
MMMMMddddddddddMMMMM,MOE/5-methylcytosines/deoxy,*******************,TTCTAATAAACGCTTTTTCT,0.0,0.0,0.0,0.715444817
MMMMMddddddddddMMMMM,MOE/5-methylcytosines/deoxy,*******************,AAGTTTACAAAGCAAATCCA,0.0,0.0,0.0,0.7167509455714286
MMMMMddddddddddMMMMM,MOE/5-methylcytosines/deoxy,*******************,CTGAAGTTAAAGCTTCTAAA,0.0,0.0,0.0,0.7363302752857143
MMMMMddddddddddMMMMM,MOE/5-methylcytosines/deoxy,*******************,GAAGTGGAGGAGGTGGTGGG,9053.510626154291,7229.675247716352,4170941260117.6543,0.7259153041428572
MMMMMddddddddddMMMMM,MOE/5-methylcytosines/deoxy,*******************,TTCTTATGCTGGCAAATTTG,357.898694152435,184.642792253904,0.0,0.7488203050714286
MMMMMddddddddddMMMMM,MOE/5-methylcytosines/deoxy,*******************,ATTAAGTTCTGAATCATAGA,0.0,0.0,0.0,0.7434873425714285
MMMMMddddddddddMMMMM,MOE/5-methylcytosines/deoxy,*******************,AAGTCCTCAGGAGGGGGAAA,9257.265090490298,8467.01583862144,13196025787.824787,0.7331649664285714
MMMMMddddddddddMMMMM,MOE/5-methylcytosines/deoxy,*******************,CTCATCAATTAATTTGAAGT,0.0,0.0,0.0,0.7328088013571428
MMMMMddddddddddMMMMM,MOE/5-methylcytosines/deoxy,*******************,TCTAATAAACGCTTTTTCTT,0.0,0.0,0.0,0.7192297367142857
MMMMMddddddddddMMMMM,MOE/5-methylcytosines/deoxy,*******************,TTTTCAGCTCATGAATGAAT,0.0,0.0,0.0,0.7261410738571428
MMMMMddddddddddMMMMM,MOE/5-methylcytosines/deoxy,*******************,GGAATCCCAGGGGAGGTGGT,16681.37627922666,15882.897236219456,100250620507.79065,0.7159559881428572
MMMMMddddddddddMMMMM,MOE/5-methylcytosines/deoxy,*******************,TCAAATTTCTTGTAAAGTTC,0.0,0.0,0.0,0.7442727122857143
MMMMMddddddddddMMMMM,MOE/5-methylcytosines/deoxy,*******************,TCCCAGGGGAGGTGGTGGAG,17419.516175737026,16540.18899110654,100250620507.79065,0.7265058819999999
MMMMMddddddddddMMMMM,MOE/5-methylcytosines/deoxy,*******************,ATACACACTCATCAATTAAT,0.0,0.0,0.0,0.7174554566428571
MMMMMddddddddddMMMMM,MOE/5-methylcytosines/deoxy,*******************,ATTAGGAAAGGACAGTGGGA,701.3315150374585,690.637168253179,54996348353.41781,0.7302878101428573
MMMMMddddddddddMMMMM,MOE/5-methylcytosines/deoxy,*******************,TGATTTTTCTTTACAACTTT,0.0,0.0,0.0,0.7544202007142856
MMMMMddddddddddMMMMM,MOE/5-methylcytosines/deoxy,*******************,TGGAGGCGGCACCCCTCCAC,21326.120996045014,20216.396087506637,2.1211355155360284e+16,0.7233964564285715
MMMMMddddddddddMMMMM,MOE/5-methylcytosines/deoxy,*******************,GCACGGGGGAGGGGCAAACA,15022.095909582997,13004.60204859983,19200129583060.133,0.7212814074285714
MMMMMddddddddddMMMMM,MOE/5-methylcytosines/deoxy,*******************,CAAACTGGGTTAAATCTAAA,0.0,0.0,0.0,0.7380896222142858
MMMMMddddddddddMMMMM,MOE/5-methylcytosines/deoxy,*******************,AACTGAGACTTAAAAGCTTG,0.0,0.0,0.0,0.728778378
MMMMMddddddddddMMMMM,MOE/5-methylcytosines/deoxy,*******************,TCTTAGAAGCAGTATTAATG,0.0,0.0,0.0,0.7107119232142857
MMMMMddddddddddMMMMM,MOE/5-methylcytosines/deoxy,*******************,GATGCTGAAGAATAGAAATA,0.0,0.0,0.0,0.7377478275714286
MMMMMddddddddddMMMMM,MOE/5-methylcytosines/deoxy,*******************,GAATCCCAGGGGAGGTGGTG,16821.827089918716,15996.429367896702,100250620507.79065,0.7146477354285715
MMMMMddddddddddMMMMM,MOE/5-methylcytosines/deoxy,*******************,CATACTTATTTTCATTTACT,0.0,0.0,0.0,0.7492978763571428
MMMMMddddddddddMMMMM,MOE/5-methylcytosines/deoxy,*******************,AGGCGGAGGAGGAAGTGCTG,8349.792448230171,7510.181279710673,0.0,0.7235997847857142
MMMMMddddddddddMMMMM,MOE/5-methylcytosines/deoxy,*******************,GCAGCCGCGGAGAGAGGCTG,13235.579386270252,12575.463147808561,763128502238.7434,0.7143310175
MMMMMddddddddddMMMMM,MOE/5-methylcytosines/deoxy,*******************,TGCAGCCGCGGCTGGTGCCG,18132.492570952003,17245.590099682515,168138829996107.5,0.7232197947857141
MMMMMddddddddddMMMMM,MOE/5-methylcytosines/deoxy,*******************,AATCCCAGGGGAGGTGGTGG,17379.093083812688,16484.88731904549,100250620507.79065,0.7212956202857143
MMMMMddddddddddMMMMM,MOE/5-methylcytosines/deoxy,*******************,ATGTCTAATAATAATCCAAG,0.0,0.0,0.0,0.7154114610000001
MMMMMddddddddddMMMMM,MOE/5-methylcytosines/deoxy,*******************,GAGTGTCTAGATTATAATTA,0.0,0.0,0.0,0.7644827139285715
MMMMMddddddddddMMMMM,MOE/5-methylcytosines/deoxy,*******************,ATAGTGAGTCGTATTAATTT,0.0,0.0,0.0,0.754609862
MMMMMddddddddddMMMMM,MOE/5-methylcytosines/deoxy,*******************,CGGAGAGAGGCTGAGGAAGG,12300.46642533407,12367.081163542622,0.0,0.7246632977142857
MMMMMddddddddddMMMMM,MOE/5-methylcytosines/deoxy,*******************,TTGATTTTTCTTTACAACTT,0.0,0.0,0.0,0.7565506400714286
MMMMMddddddddddMMMMM,MOE/5-methylcytosines/deoxy,*******************,ATATTTCTACCAGGAAATGA,856.104458982591,822.1260014531694,0.0,0.7268012522857142
MMMMMddddddddddMMMMM,MOE/5-methylcytosines/deoxy,*******************,ACTGAGACAATGAATTTAAT,0.0,0.0,0.0,0.7023701275
MMMMMddddddddddMMMMM,MOE/5-methylcytosines/deoxy,*******************,ATAAATTCATTTCTGATGTG,0.0,0.0,0.0,0.7596927289285714
MMMMMddddddddddMMMMM,MOE/5-methylcytosines/deoxy,*******************,GGGGAGGAGGTGGAGGCGGC,15167.946136869783,13874.350286993977,6.085244056961338e+16,0.7344062642142858
MMMMMddddddddddMMMMM,MOE/5-methylcytosines/deoxy,*******************,AAAATATCCCTCTGCTCTAG,10126.676176700365,9319.895474902096,0.0,0.7171338110714285
MMMMMddddddddddMMMMM,MOE/5-methylcytosines/deoxy,*******************,CATTTCTAATAAACGCTTTT,0.0,0.0,0.0,0.7332394322857143
MMMMMddddddddddMMMMM,MOE/5-methylcytosines/deoxy,*******************,GTGGAGGCGGAGGAGGAAGT,12553.849643308995,11061.940013282048,0.0,0.7144340133571428
MMMMMddddddddddMMMMM,MOE/5-methylcytosines/deoxy,*******************,CTTAGAAGCAGTATTAATGT,0.0,0.0,0.0,0.7350193684285715
MMMMMddddddddddMMMMM,MOE/5-methylcytosines/deoxy,*******************,AAATAAAATATCCCTCTGCT,9498.470995814952,8911.70380582999,0.0,0.7225862537142856
MMMMMddddddddddMMMMM,MOE/5-methylcytosines/deoxy,*******************,ACTGGGCGGCGGAGGGTGTT,18768.890780558155,17649.510230777312,23052958035150.457,0.7171273250714284
MMMMMddddddddddMMMMM,MOE/5-methylcytosines/deoxy,*******************,AAGGAATCCCAGGGGAGGTG,15102.455215707252,14374.859889720416,100250620507.79065,0.7054480456428572
MMMMMddddddddddMMMMM,MOE/5-methylcytosines/deoxy,*******************,CAACAAAATGTATTCTCAAG,0.0,0.0,0.0,0.7543185463571429
MMMMMddddddddddMMMMM,MOE/5-methylcytosines/deoxy,*******************,GCCGGGTGGTGCAGCCGCGG,19564.306534813946,18614.227768581422,3.658848869322093e+16,0.7448595239999999
MMMMMddddddddddMMMMM,MOE/5-methylcytosines/deoxy,*******************,TAAAGCTTTTGCTCTTCTTT,0.0,328.58816689020085,0.0,0.7639197864999999
MMMMMddddddddddMMMMM,MOE/5-methylcytosines/deoxy,*******************,TTTTCTTTACAACTTTTTCT,0.0,0.0,0.0,0.7603043055
MMMMMddddddddddMMMMM,MOE/5-methylcytosines/deoxy,*******************,GAGGGAGGCAAAGGAATATT,609.7449693947376,366.1306180657415,0.0,0.7130839853571429
MMMMMddddddddddMMMMM,MOE/5-methylcytosines/deoxy,*******************,TTTAGAGGGAGGCAAAGGAA,1318.4950315964918,1063.60116628043,0.0,0.7221275790000001
MMMMMddddddddddMMMMM,MOE/5-methylcytosines/deoxy,*******************,AAATTTGTCCAGCATATCAT,342.7571476233711,332.15861916507595,0.0,0.764658671357143
MMMMMddddddddddMMMMM,MOE/5-methylcytosines/deoxy,*******************,TTTAAATGAAACTTGGGGCG,6879.021375146262,5957.917566116522,1409532327.8425782,0.7504392594285715
MMMMMddddddddddMMMMM,MOE/5-methylcytosines/deoxy,*******************,CGGCGGAGGGTGTTGGGGGC,16303.556695065947,14950.150265052021,4450484932913.819,0.7293037509285714
MMMMMddddddddddMMMMM,MOE/5-methylcytosines/deoxy,*******************,AGTTTTTCCAAAATGTCTAA,0.0,0.0,0.0,0.7077051290714287
MMMMMddddddddddMMMMM,MOE/5-methylcytosines/deoxy,*******************,CCTATTATACTCTGGTATAA,0.0,0.0,0.0,0.7363825416428572
MMMMMddddddddddMMMMM,MOE/5-methylcytosines/deoxy,*******************,CTAATAAACGCTTTTTCTTT,0.0,0.0,0.0,0.7031598237857144
MMMMMddddddddddMMMMM,MOE/5-methylcytosines/deoxy,*******************,CTACAAACTGGGTTAAATCT,0.0,0.0,0.0,0.7406667632857145
MMMMMddddddddddMMMMM,MOE/5-methylcytosines/deoxy,*******************,ATTTCAGGTTTAAATTCTTT,0.0,0.0,0.0,0.7484999019285714
MMMMMddddddddddMMMMM,MOE/5-methylcytosines/deoxy,*******************,TGCTAATTCTTTAGCTATTC,0.0,0.0,0.0,0.7463022060714286
MMMMMddddddddddMMMMM,MOE/5-methylcytosines/deoxy,*******************,ACAAAATGTATTCTCAAGTT,0.0,0.0,0.0,0.7691759681428572
MMMMMddddddddddMMMMM,MOE/5-methylcytosines/deoxy,*******************,CTCTGCTAATTCTTTAGCTA,0.0,0.0,0.0,0.7365666762857143
MMMMMddddddddddMMMMM,MOE/5-methylcytosines/deoxy,*******************,ATTTCGAATCAGCAAAAGAT,0.0,0.0,0.0,0.7094050532857142
MMMMMddddddddddMMMMM,MOE/5-methylcytosines/deoxy,*******************,TATTAAGTTCTGAATCATAG,0.0,0.0,0.0,0.7483453995714286
MMMMMddddddddddMMMMM,MOE/5-methylcytosines/deoxy,*******************,TGAGACAATGAATTTAATTG,0.0,0.0,0.0,0.743082656142857
MMMMMddddddddddMMMMM,MOE/5-methylcytosines/deoxy,*******************,GAGGCGGAGGAGGAAGTGCT,9866.236834043526,8909.453276083877,0.0,0.7234088261428572
MMMMMddddddddddMMMMM,MOE/5-methylcytosines/deoxy,*******************,GTTAAATCTAAATCTAGTCT,0.0,0.0,0.0,0.7222186403571429
MMMMMddddddddddMMMMM,MOE/5-methylcytosines/deoxy,*******************,AAATCCAAATCATCAGGAGA,0.0,0.0,0.0,0.7257254897142857
MMMMMddddddddddMMMMM,MOE/5-methylcytosines/deoxy,*******************,TGAGTGTCTAGATTATAATT,0.0,0.0,0.0,0.7688745360714285
MMMMMddddddddddMMMMM,MOE/5-methylcytosines/deoxy,*******************,TCATCAAAGACTTTAAGTTG,0.0,0.0,0.0,0.7272370952142857
MMMMMddddddddddMMMMM,MOE/5-methylcytosines/deoxy,*******************,GGAGGCGGAGGAGGAAGTGC,12355.6991551968,10806.529758519451,0.0,0.7272235568571429
MMMMMddddddddddMMMMM,MOE/5-methylcytosines/deoxy,*******************,ATACTTATTTTCATTTACTT,0.0,0.0,0.0,0.7496973960714285
MMMMMddddddddddMMMMM,MOE/5-methylcytosines/deoxy,*******************,ACTGAAGCTTAAAGAGAATA,0.0,0.0,0.0,0.7281177597142856
MMMMMddddddddddMMMMM,MOE/5-methylcytosines/deoxy,*******************,ACTGCTTGCAAATGCAGTCT,0.0,0.0,0.0,0.7442425651428571
MMMMMddddddddddMMMMM,MOE/5-methylcytosines/deoxy,*******************,ACCTTCCAGGGTCAAGGAAG,7586.460020180599,7487.307614458154,0.0,0.7374588686428573
MMMMMddddddddddMMMMM,MOE/5-methylcytosines/deoxy,*******************,CATATTTCTACCAGGAAATG,1075.510046830671,1034.3491060913627,0.0,0.7295567466428572
MMMMMddddddddddMMMMM,MOE/5-methylcytosines/deoxy,*******************,GGGGAGGGGCAAACAACAGA,10924.076944032,9025.661360748054,44483846719.58553,0.7253336747857142
MMMMMddddddddddMMMMM,MOE/5-methylcytosines/deoxy,*******************,CTTTTTCAAATTTCTTGTAA,0.0,0.0,0.0,0.7258492642857144
MMMMMddddddddddMMMMM,MOE/5-methylcytosines/deoxy,*******************,GCAGTGGAGGCGGAGGAGGA,12720.383327078223,11230.957599022582,0.0,0.7215596750714287
MMMMMddddddddddMMMMM,MOE/5-methylcytosines/deoxy,*******************,TTTCTTTACAACTTTTTCTT,0.0,0.0,0.0,0.7530328047857143
MMMMMddddddddddMMMMM,MOE/5-methylcytosines/deoxy,*******************,TAATTCTTTAGCTATTCTGA,0.0,0.0,0.0,0.7406010417142858
MMMMMddddddddddMMMMM,MOE/5-methylcytosines/deoxy,*******************,TTAGAGGGAGGCAAAGGAAT,1306.8018196785467,1051.901108506091,0.0,0.723003346857143
MMMMMddddddddddMMMMM,MOE/5-methylcytosines/deoxy,*******************,GAAAAAGAGCCAAGAAGTTC,0.0,0.0,0.0,0.7128912554285715
MMMMMddddddddddMMMMM,MOE/5-methylcytosines/deoxy,*******************,TCTTCACCAGCTGAAGTTAA,3098.245763423329,2052.376106222056,0.0,0.7160832837857144
MMMMMddddddddddMMMMM,MOE/5-methylcytosines/deoxy,*******************,TTCAAAAAGTTCTAAGAGTT,0.0,0.0,0.0,0.7268367527857142
MMMMMddddddddddMMMMM,MOE/5-methylcytosines/deoxy,*******************,TGGAAGTGGAGGAGGTGGTG,7662.713710880588,6254.01464250608,0.0,0.7415930384999998
MMMMMddddddddddMMMMM,MOE/5-methylcytosines/deoxy,*******************,CATGTTGTAAACATCATATG,0.0,0.0,0.0,0.7679444364285715
MMMMMddddddddddMMMMM,MOE/5-methylcytosines/deoxy,*******************,TTTTCTTAATCGATTTCTTC,0.0,0.0,0.0,0.7272033699285715
MMMMMddddddddddMMMMM,MOE/5-methylcytosines/deoxy,*******************,TGCTCTTCAAACTGAAGCTT,0.0,0.0,0.0,0.7277948886428571
MMMMMddddddddddMMMMM,MOE/5-methylcytosines/deoxy,*******************,CTTCACCAGCTGAAGTTAAA,2376.289580122106,1359.2277830318583,0.0,0.7164481598571426
MMMMMddddddddddMMMMM,MOE/5-methylcytosines/deoxy,*******************,TACAAACTGGGTTAAATCTA,0.0,0.0,0.0,0.7552811039999999
MMMMMddddddddddMMMMM,MOE/5-methylcytosines/deoxy,*******************,TTTTGATATTCTCCTTTATT,0.0,0.0,0.0,0.7411514694285714
MMMMMddddddddddMMMMM,MOE/5-methylcytosines/deoxy,*******************,TGATAACAAATCTGGACATC,0.0,0.0,0.0,0.7101387690714286
MMMMMddddddddddMMMMM,MOE/5-methylcytosines/deoxy,*******************,AATCATCCACAAAATTCAGT,0.0,0.0,0.0,0.7006016799285714
MMMMMddddddddddMMMMM,MOE/5-methylcytosines/deoxy,*******************,AGATTATAATTAAGCTCCTT,0.0,0.0,0.0,0.7304247327142859
MMMMMddddddddddMMMMM,MOE/5-methylcytosines/deoxy,*******************,CAGGAGGGGGAAAGGTTTCC,7381.3030533433985,6332.307748241735,13196025787.824787,0.7304814867142857
MMMMMddddddddddMMMMM,MOE/5-methylcytosines/deoxy,*******************,ACTGACAGCCATGATGTCAG,1770.7497994115713,1266.0518843075422,0.0,0.7044501192142858
MMMMMddddddddddMMMMM,MOE/5-methylcytosines/deoxy,*******************,AAATGAAACTTGGGGCGCTT,9285.435719137007,8336.605191971403,5233599378.656277,0.7041994237142857
MMMMMddddddddddMMMMM,MOE/5-methylcytosines/deoxy,*******************,CAGCCGCGGCTGGTGCCGTT,18138.86305858696,17266.498811486978,366648445142035.9,0.7216205863571428
MMMMMddddddddddMMMMM,MOE/5-methylcytosines/deoxy,*******************,CAAACTGAGACTTAAAAGCT,0.0,0.0,0.0,0.7408735272857143
MMMMMddddddddddMMMMM,MOE/5-methylcytosines/deoxy,*******************,TTCTTTACAACTTTTTCTTG,0.0,0.0,0.0,0.7249151957142858
MMMMMddddddddddMMMMM,MOE/5-methylcytosines/deoxy,*******************,CATTTTCAGCTCATGAATGA,0.0,0.0,0.0,0.7229129079285714
MMMMMddddddddddMMMMM,MOE/5-methylcytosines/deoxy,*******************,TTTCAAAAAGTTCTAAGAGT,0.0,0.0,0.0,0.7256626342142857
MMMMMddddddddddMMMMM,MOE/5-methylcytosines/deoxy,*******************,AAACTCTTTTTCAAATTTCT,0.0,0.0,0.0,0.7585063492142857
MMMMMddddddddddMMMMM,MOE/5-methylcytosines/deoxy,*******************,AGAGGGAGGCAAAGGAATAT,1140.1735498478276,885.1752852217614,0.0,0.720296204642857
MMMMMddddddddddMMMMM,MOE/5-methylcytosines/deoxy,*******************,GAAGGCACGGGGGAGGGGCA,15757.678183447204,13682.61022070387,19222849653459.707,0.7031942141428572
MMMMMddddddddddMMMMM,MOE/5-methylcytosines/deoxy,*******************,CAAAGGAATATTACAATCAG,0.0,0.0,0.0,0.738598836642857
MMMMMddddddddddMMMMM,MOE/5-methylcytosines/deoxy,*******************,TTCAAACTGAAGCTTAAAGA,0.0,0.0,0.0,0.7265744050714286
MMMMMddddddddddMMMMM,MOE/5-methylcytosines/deoxy,*******************,AAATTCATTTCTGATGTGAA,0.0,0.0,0.0,0.7489977230714285
MMMMMddddddddddMMMMM,MOE/5-methylcytosines/deoxy,*******************,GGGGGAGGGGCAAACAACAG,12256.65928347377,10292.143264688575,101202771973.0614,0.7241595562142857
MMMMMddddddddddMMMMM,MOE/5-methylcytosines/deoxy,*******************,TCAAACAAATCTTCTTCTTT,0.0,0.0,0.0,0.7282554487857144
MMMMMddddddddddMMMMM,MOE/5-methylcytosines/deoxy,*******************,CCACAATACAAAAAAATCTG,0.0,0.0,0.0,0.7091394445714286
MMMMMddddddddddMMMMM,MOE/5-methylcytosines/deoxy,*******************,AATTTTGTCCTCCAAGGAAT,6263.57343901432,4955.8325933808355,3037849146.677479,0.77591421
MMMMMddddddddddMMMMM,MOE/5-methylcytosines/deoxy,*******************,ACAAGTTCCAGCAACTTGCT,263.8581154247109,437.1215734843589,0.0,0.7301826975000001
MMMMMddddddddddMMMMM,MOE/5-methylcytosines/deoxy,*******************,GCTTTGGCCAATAAGGAAAG,2510.409639960225,2257.7474755080193,0.0,0.7177983735000001
MMMMMddddddddddMMMMM,MOE/5-methylcytosines/deoxy,*******************,GTGGAGGAGGTGGTGGGGGA,11701.280300086599,9879.107234119801,922047441061497.8,0.7344062642142858
MMMMMddddddddddMMMMM,MOE/5-methylcytosines/deoxy,*******************,CACTGCTTGCAAATGCAGTC,0.0,0.0,0.0,0.7561658151428572
MMMMMddddddddddMMMMM,MOE/5-methylcytosines/deoxy,*******************,AATAAAATATCCCTCTGCTC,9996.21007611167,9217.737497268034,0.0,0.7337395978571427
MMMMMddddddddddMMMMM,MOE/5-methylcytosines/deoxy,*******************,AAGATGCTGAAGAATAGAAA,0.0,0.0,0.0,0.7352434797857142
MMMMMddddddddddMMMMM,MOE/5-methylcytosines/deoxy,*******************,AAAAGAGCTCAGGAAGATTG,0.0,0.0,0.0,0.7232044398571428
MMMMMddddddddddMMMMM,MOE/5-methylcytosines/deoxy,*******************,CACTCATCAATTAATTTGAA,0.0,0.0,0.0,0.7347003358571429
MMMMMddddddddddMMMMM,MOE/5-methylcytosines/deoxy,*******************,GTAAACTCTTTTTCAAATTT,0.0,0.0,0.0,0.7688818745714284
MMMMMddddddddddMMMMM,MOE/5-methylcytosines/deoxy,*******************,GTGTCCTAATATTTAAATGA,0.0,0.0,0.0,0.7191844137142857
MMMMMddddddddddMMMMM,MOE/5-methylcytosines/deoxy,*******************,TCTAGATTATAATTAAGCTC,0.0,0.0,0.0,0.7390726947142857
MMMMMddddddddddMMMMM,MOE/5-methylcytosines/deoxy,*******************,CTTATTTTCATTTACTTTTA,0.0,0.0,0.0,0.7485649806428573
MMMMMddddddddddMMMMM,MOE/5-methylcytosines/deoxy,*******************,AGCTGAAGTTAAAGCTTCTA,0.0,0.0,0.0,0.7433344927857143
MMMMMddddddddddMMMMM,MOE/5-methylcytosines/deoxy,*******************,TCATTCTTAATGCATTTTAA,0.0,0.0,0.0,0.7276291538571427
MMMMMddddddddddMMMMM,MOE/5-methylcytosines/deoxy,*******************,CAGTGGAGGCGGAGGAGGAA,12722.155077587584,11232.644534752157,0.0,0.711699286
MMMMMddddddddddMMMMM,MOE/5-methylcytosines/deoxy,*******************,TCAAGGAAGGCACGGGGGAG,8597.84099540693,7164.219612967501,72892833318.23781,0.7255519407857143
MMMMMddddddddddMMMMM,MOE/5-methylcytosines/deoxy,*******************,ATTTCTACCAGGAAATGAAG,856.104458982591,822.1260014531694,0.0,0.7073570062857143
MMMMMddddddddddMMMMM,MOE/5-methylcytosines/deoxy,*******************,GGGGGAAAGGTTTCCAATTC,0.0,0.0,0.0,0.7468450809285715
MMMMMddddddddddMMMMM,MOE/5-methylcytosines/deoxy,*******************,TTTTCCACTAATCAGTTTTT,0.0,0.0,0.0,0.7225034422142856
MMMMMddddddddddMMMMM,MOE/5-methylcytosines/deoxy,*******************,TGAAGCTTAAAGAGAATAGC,0.0,0.0,0.0,0.7221669895714287
MMMMMddddddddddMMMMM,MOE/5-methylcytosines/deoxy,*******************,TATGTTGATTTTTCTTTACA,0.0,0.0,0.0,0.7628629982142858
MMMMMddddddddddMMMMM,MOE/5-methylcytosines/deoxy,*******************,TGGCCAATAAGGAAAGGCTC,0.0,0.0,0.0,0.7097523339285715
MMMMMddddddddddMMMMM,MOE/5-methylcytosines/deoxy,*******************,TAAATCTAGTCTTTTTCGAT,0.0,0.0,0.0,0.7723910289285715
MMMMMddddddddddMMMMM,MOE/5-methylcytosines/deoxy,*******************,TACTTATTTTCATTTACTTT,0.0,0.0,0.0,0.7472450418571429
MMMMMddddddddddMMMMM,MOE/5-methylcytosines/deoxy,*******************,GGAAGTGGAGGAGGTGGTGG,8404.626476123543,6959.949850055429,121051331454.435,0.7335187773571429
MMMMMddddddddddMMMMM,MOE/5-methylcytosines/deoxy,*******************,AAAAGTTCTAAGAGTTCATT,0.0,0.0,0.0,0.7260937685
MMMMMddddddddddMMMMM,MOE/5-methylcytosines/deoxy,*******************,GAGAGAGGCTGAGGAAGGGT,12518.405278505008,12594.332059287739,0.0,0.7370042055
MMMMMddddddddddMMMMM,MOE/5-methylcytosines/deoxy,*******************,GAAAAGAGCTCAGGAAGATT,0.0,0.0,0.0,0.7185458475
MMMMMddddddddddMMMMM,MOE/5-methylcytosines/deoxy,*******************,TAAATGAAACTTGGGGCGCT,9087.015036046849,7969.953678293519,4724221191.6184025,0.6995781097857143
MMMMMddddddddddMMMMM,MOE/5-methylcytosines/deoxy,*******************,TAAGACTTCCTGTCTTAGAA,2860.580315543314,2010.2419285574335,0.0,0.7397778267142857
MMMMMddddddddddMMMMM,MOE/5-methylcytosines/deoxy,*******************,AGCCGCGGCTGGTGCCGTTC,18242.64569195646,17354.451713855004,522599474632582.25,0.7289152688571429
MMMMMddddddddddMMMMM,MOE/5-methylcytosines/deoxy,*******************,CTTCATTTAAATTCATATCT,0.0,0.0,0.0,0.7386889229285715
MMMMMddddddddddMMMMM,MOE/5-methylcytosines/deoxy,*******************,CGGGGGAGGGGCAAACAACA,14069.645268796456,12115.352868199729,16398988409922.695,0.7170754102857144
MMMMMddddddddddMMMMM,MOE/5-methylcytosines/deoxy,*******************,CACGGGGGAGGGGCAAACAA,14869.512378685024,12877.001125565967,19200129583060.133,0.7135257592142858
MMMMMddddddddddMMMMM,MOE/5-methylcytosines/deoxy,*******************,ATTTTCAGCTCATGAATGAA,0.0,0.0,0.0,0.7207824685714286
MMMMMddddddddddMMMMM,MOE/5-methylcytosines/deoxy,*******************,TTTTATCCAGAAACAGTTTT,0.0,0.0,0.0,0.7222024969285714
MMMMMddddddddddMMMMM,MOE/5-methylcytosines/deoxy,*******************,AACTCAAACAAATCTTCTTC,0.0,0.0,0.0,0.6974375904285715
MMMMMddddddddddMMMMM,MOE/5-methylcytosines/deoxy,*******************,GCCTTATAAAATAATCATTT,0.0,0.0,0.0,0.7132831015714285
MMMMMddddddddddMMMMM,MOE/5-methylcytosines/deoxy,*******************,AGTTCTTTAATTTTTTTCTT,0.0,0.0,0.0,0.7411609230714287
MMMMMddddddddddMMMMM,MOE/5-methylcytosines/deoxy,*******************,AGAAAAAGAGCCAAGAAGTT,0.0,0.0,0.0,0.7122633991428572
MMMMMddddddddddMMMMM,MOE/5-methylcytosines/deoxy,*******************,TTATGTTGATTTTTCTTTAC,0.0,0.0,0.0,0.7701344989285713
MMMMMddddddddddMMMMM,MOE/5-methylcytosines/deoxy,*******************,GGTGGAGGCGGCACCCCTCC,20866.286132556146,19739.642771574454,1.2925422792073988e+16,0.7292144397857143
MMMMMddddddddddMMMMM,MOE/5-methylcytosines/deoxy,*******************,AACAAATCTTCTTCTTTATG,0.0,0.0,0.0,0.7575216852857142
MMMMMddddddddddMMMMM,MOE/5-methylcytosines/deoxy,*******************,TAGAGGGAGGCAAAGGAATA,1140.1735498478276,885.1752852217614,0.0,0.7156748907142857
MMMMMddddddddddMMMMM,MOE/5-methylcytosines/deoxy,*******************,TTGCCTTATAAAATAATCAT,0.0,0.0,0.0,0.7269785117142857
MMMMMddddddddddMMMMM,MOE/5-methylcytosines/deoxy,*******************,TCCTCAGGAGGGGGAAAGGT,9094.092880132226,8244.686818832552,13196025787.824787,0.7227809698571429
MMMMMddddddddddMMMMM,MOE/5-methylcytosines/deoxy,*******************,CTGAGGAAGGGTAGGGAGTC,2209.9491982760387,1399.044571974315,0.0,0.7258611604285716
MMMMMddddddddddMMMMM,MOE/5-methylcytosines/deoxy,*******************,CAGCTGAAGTTAAAGCTTCT,0.0,0.0,0.0,0.750723690642857
MMMMMddddddddddMMMMM,MOE/5-methylcytosines/deoxy,*******************,TTGTTGCCTTATAAAATAAT,0.0,0.0,0.0,0.745543325142857
MMMMMddddddddddMMMMM,MOE/5-methylcytosines/deoxy,*******************,AGTCCTCAGGAGGGGGAAAG,9292.428006417736,8479.0682512455,13196025787.824787,0.7318567137142857
MMMMMddddddddddMMMMM,MOE/5-methylcytosines/deoxy,*******************,TTCATTTTTAGAAAAAGAGC,0.0,0.0,0.0,0.7456787746428571
MMMMMddddddddddMMMMM,MOE/5-methylcytosines/deoxy,*******************,TAGAAAAAGAGCCAAGAAGT,0.0,0.0,0.0,0.7054859627142858
MMMMMddddddddddMMMMM,MOE/5-methylcytosines/deoxy,*******************,TTTATGTTGATTTTTCTTTA,0.0,0.0,0.0,0.7775236967857142
MMMMMddddddddddMMMMM,MOE/5-methylcytosines/deoxy,*******************,TTTTAAATTTGGCAATATCT,0.0,0.0,0.0,0.7468711433571429
MMMMMddddddddddMMMMM,MOE/5-methylcytosines/deoxy,*******************,TTTTTCCACTAATCAGTTTT,0.0,0.0,0.0,0.7149938947857143
MMMMMddddddddddMMMMM,MOE/5-methylcytosines/deoxy,*******************,GTCCTCAGGAGGGGGAAAGG,9331.507841255141,8483.475911363,13196025787.824787,0.7350706702142856
MMMMMddddddddddMMMMM,MOE/5-methylcytosines/deoxy,*******************,TCTTAAGACTTCCTGTCTTA,2674.835412236149,1821.3009388532157,0.0,0.7480799706428571
MMMMMddddddddddMMMMM,MOE/5-methylcytosines/deoxy,*******************,TTTTTTCTTAATCGATTTCT,0.0,0.0,0.0,0.7408179407142856
MMMMMddddddddddMMMMM,MOE/5-methylcytosines/deoxy,*******************,ACTTATTTTCATTTACTTTT,0.0,0.0,0.0,0.7576379104285714
MMMMMddddddddddMMMMM,MOE/5-methylcytosines/deoxy,*******************,ACGGGGGAGGGGCAAACAAC,14791.81864715002,12787.7287273853,19195366772250.004,0.7181843515714287
MMMMMddddddddddMMMMM,MOE/5-methylcytosines/deoxy,*******************,AAGGCACGGGGGAGGGGCAA,15768.150145685717,13695.350271199102,19222849653459.707,0.7199075540714286
MMMMMddddddddddMMMMM,MOE/5-methylcytosines/deoxy,*******************,ACTGATTCATTTTTAGAAAA,0.0,0.0,0.0,0.7606748937142856
MMMMMddddddddddMMMMM,MOE/5-methylcytosines/deoxy,*******************,TCACTGCTTGCAAATGCAGT,0.0,0.0,0.0,0.7515445012142855
MMMMMddddddddddMMMMM,MOE/5-methylcytosines/deoxy,*******************,ATTGTTGCCTTATAAAATAA,0.0,0.0,0.0,0.7392952854285715
MMMMMddddddddddMMMMM,MOE/5-methylcytosines/deoxy,*******************,AGCTTAAAGAGAATAGCACT,0.0,0.0,0.0,0.7154364210714287
MMMMMddddddddddMMMMM,MOE/5-methylcytosines/deoxy,*******************,AAAGATGCTGAAGAATAGAA,0.0,0.0,0.0,0.7348439600714285
MMMMMddddddddddMMMMM,MOE/5-methylcytosines/deoxy,*******************,TCAAACTGAAGCTTAAAGAG,0.0,0.0,0.0,0.7373612988571429
MMMMMddddddddddMMMMM,MOE/5-methylcytosines/deoxy,*******************,CTGAAGCTTAAAGAGAATAG,0.0,0.0,0.0,0.7228900715000001
MMMMMddddddddddMMMMM,MOE/5-methylcytosines/deoxy,*******************,TGAGGAAGGGTAGGGAGTCC,2286.9212969246646,1357.776535296061,0.0,0.7185327042857143
MMMMMddddddddddMMMMM,MOE/5-methylcytosines/deoxy,*******************,CAAACAAATCTTCTTCTTTA,0.0,0.0,0.0,0.723214492357143
MMMMMddddddddddMMMMM,MOE/5-methylcytosines/deoxy,*******************,GAAGCTTAAAGAGAATAGCA,0.0,0.0,0.0,0.722772482
MMMMMddddddddddMMMMM,MOE/5-methylcytosines/deoxy,*******************,AAATCATCAGGAGATGTAAC,0.0,0.0,0.0,0.7370844019285715
MMMMMddddddddddMMMMM,MOE/5-methylcytosines/deoxy,*******************,ATTTCTAATAAACGCTTTTT,0.0,0.0,0.0,0.7213161822857143
MMMMMddddddddddMMMMM,MOE/5-methylcytosines/deoxy,*******************,AATCAGTTTTTCCAAAATGT,0.0,0.0,0.0,0.7539722970714285
MMMMMddddddddddMMMMM,MOE/5-methylcytosines/deoxy,*******************,GAGAGGCTGAGGAAGGGTAG,12499.180160650709,12580.770790260665,0.0,0.7294609979285714
MMMMMddddddddddMMMMM,MOE/5-methylcytosines/deoxy,*******************,TTCAAATTTCTTGTAAAGTT,0.0,0.0,0.0,0.7436448560000001
MMMMMddddddddddMMMMM,MOE/5-methylcytosines/deoxy,*******************,ATTTAAATGAAACTTGGGGC,3389.8657241894803,2421.21181487992,0.0,0.7380556958571428
MMMMMddddddddddMMMMM,MOE/5-methylcytosines/deoxy,*******************,TATTTCTACCAGGAAATGAA,856.104458982591,822.1260014531694,0.0,0.7163726881428572
MMMMMddddddddddMMMMM,MOE/5-methylcytosines/deoxy,*******************,AAAGACTTTAAGTTGGATAT,0.0,0.0,0.0,0.7553642137857144
MMMMMddddddddddMMMMM,MOE/5-methylcytosines/deoxy,*******************,AGATGCTGAAGAATAGAAAT,0.0,0.0,0.0,0.7373948215714285
MMMMMddddddddddMMMMM,MOE/5-methylcytosines/deoxy,*******************,CAGTCTTCATTTCTAATAAA,0.0,0.0,0.0,0.7596927289285714
MMMMMddddddddddMMMMM,MOE/5-methylcytosines/deoxy,*******************,GTGTCTAGATTATAATTAAG,0.0,0.0,0.0,0.7500625742142857
MMMMMddddddddddMMMMM,MOE/5-methylcytosines/deoxy,*******************,TGCCTTATAAAATAATCATT,0.0,0.0,0.0,0.7205546022857142
MMMMMddddddddddMMMMM,MOE/5-methylcytosines/deoxy,*******************,AATTGATATTGTAGTGTGAA,0.0,0.0,0.0,0.7594946108571429
MMMMMddddddddddMMMMM,MOE/5-methylcytosines/deoxy,*******************,AAAAAGTTCTAAGAGTTCAT,0.0,0.0,0.0,0.7341680296428571
MMMMMddddddddddMMMMM,MOE/5-methylcytosines/deoxy,*******************,GAGGGGGAAAGGTTTCCAAT,459.5713020592565,196.1605651943303,0.0,0.7320297585000001
MMMMMddddddddddMMMMM,MOE/5-methylcytosines/deoxy,*******************,GGAGAGAGGCTGAGGAAGGG,12509.939987016402,12586.236119774,0.0,0.7301652431428571
MMMMMddddddddddMMMMM,MOE/5-methylcytosines/deoxy,*******************,GCAGTATTAATGTACTGCAT,0.0,0.0,0.0,0.7270401475
MMMMMddddddddddMMMMM,MOE/5-methylcytosines/deoxy,*******************,CAAATCATCAGGAGATGTAA,0.0,0.0,0.0,0.7121502200714287
MMMMMddddddddddMMMMM,MOE/5-methylcytosines/deoxy,*******************,AGGGGGAAAGGTTTCCAATT,426.7889491857293,182.51688916379535,0.0,0.7397609350000002
MMMMMddddddddddMMMMM,MOE/5-methylcytosines/deoxy,*******************,GGAAGGCACGGGGGAGGGGC,15801.474450296917,13717.992082703375,19222849653459.707,0.7075707300714286
MMMMMddddddddddMMMMM,MOE/5-methylcytosines/deoxy,*******************,GAAGCAGTATTAATGTACTG,0.0,0.0,0.0,0.7326904580000001
MMMMMddddddddddMMMMM,MOE/5-methylcytosines/deoxy,*******************,TGGAGGCGGAGGAGGAAGTG,12562.413092664692,11047.441867639198,0.0,0.7221753106428572
MMMMMddddddddddMMMMM,MOE/5-methylcytosines/deoxy,*******************,GCCTTCCACAATACAAAAAA,6802.054810829303,5879.633138893549,0.0,0.7065029347142856
MMMMMddddddddddMMMMM,MOE/5-methylcytosines/deoxy,*******************,ACTCATCAATTAATTTGAAG,0.0,0.0,0.0,0.7324092816428572
MMMMMddddddddddMMMMM,MOE/5-methylcytosines/deoxy,*******************,TGGAGGAGGTGGTGGGGGAG,13037.349974070992,10869.942672578492,925993935323679.2,0.7404888265
MMMMMddddddddddMMMMM,MOE/5-methylcytosines/deoxy,*******************,GATAACTCAAACAAATCTTC,0.0,0.0,0.0,0.6977166885714287
MMMMMddddddddddMMMMM,MOE/5-methylcytosines/deoxy,*******************,TTTTAGAAAAAGAGCCAAGA,0.0,0.0,0.0,0.689520923
MMMMMddddddddddMMMMM,MOE/5-methylcytosines/deoxy,*******************,AGGCACGGGGGAGGGGCAAA,15768.150145685717,13695.350271199102,19222849653459.707,0.7231928207857142
MMMMMddddddddddMMMMM,MOE/5-methylcytosines/deoxy,*******************,CCAGCTGAAGTTAAAGCTTC,0.0,0.0,0.0,0.747509734142857
MMMMMddddddddddMMMMM,MOE/5-methylcytosines/deoxy,*******************,TTAAAGCTTCTAAAACTTCT,0.0,0.0,0.0,0.7340807678571428
MMMMMddddddddddMMMMM,MOE/5-methylcytosines/deoxy,*******************,CCTCAGGAGGGGGAAAGGTT,8816.211902153349,7965.487300643135,13196025787.824787,0.7234088261428572
MMMMMddddddddddMMMMM,MOE/5-methylcytosines/deoxy,*******************,AATTTGTCCAGCATATCATC,342.7571476233711,332.15861916507595,0.0,0.7176304542857144
MMMMMddddddddddMMMMM,MOE/5-methylcytosines/deoxy,*******************,AAATGTATTCTCAAGTTTAC,0.0,0.0,0.0,0.7303721746428572
MMMMMddddddddddMMMMM,MOE/5-methylcytosines/deoxy,*******************,TAAAATATCCCTCTGCTCTA,10094.880182728037,9289.125199460586,0.0,0.7262067408571429
MMMMMddddddddddMMMMM,MOE/5-methylcytosines/deoxy,*******************,AGAGGCTGAGGAAGGGTAGG,12859.291629903219,12722.15801013242,0.0,0.7372278329285714
MMMMMddddddddddMMMMM,MOE/5-methylcytosines/deoxy,*******************,TTATACTCTGGTATAACTTT,0.0,0.0,0.0,0.7613092655714286
MMMMMddddddddddMMMMM,MOE/5-methylcytosines/deoxy,*******************,AACTGAGACAATGAATTTAA,0.0,0.0,0.0,0.7439962411428571
MMMMMddddddddddMMMMM,MOE/5-methylcytosines/deoxy,*******************,AGTGTCCTAATATTTAAATG,0.0,0.0,0.0,0.7274294997142856
MMMMMddddddddddMMMMM,MOE/5-methylcytosines/deoxy,*******************,ACTAATCAGTTTTTCCAAAA,0.0,0.0,0.0,0.7535872995714287
MMMMMddddddddddMMMMM,MOE/5-methylcytosines/deoxy,*******************,ATCTTCATTTAAATTCATAT,0.0,0.0,0.0,0.7499843166428573
MMMMMddddddddddMMMMM,MOE/5-methylcytosines/deoxy,*******************,ATTTTTCCACTAATCAGTTT,0.0,0.0,0.0,0.7255178742857141
MMMMMddddddddddMMMMM,MOE/5-methylcytosines/deoxy,*******************,AAAAGATGCTGAAGAATAGA,0.0,0.0,0.0,0.7470084815714285
MMMMMddddddddddMMMMM,MOE/5-methylcytosines/deoxy,*******************,TTTTTCTTTACAACTTTTTC,0.0,0.0,0.0,0.7729126187857143
MMMMMddddddddddMMMMM,MOE/5-methylcytosines/deoxy,*******************,ATTAATTTGAAGTATTGTTG,0.0,0.0,0.0,0.7521592840714285
MMMMMddddddddddMMMMM,MOE/5-methylcytosines/deoxy,*******************,CAAATCATCCACAAAATTCA,0.0,0.0,0.0,0.7090156600714286
MMMMMddddddddddMMMMM,MOE/5-methylcytosines/deoxy,*******************,TATAGTGAGTCGTATTAATT,0.0,0.0,0.0,0.7410939567142858
MMMMMddddddddddMMMMM,MOE/5-methylcytosines/deoxy,*******************,AACAAAATGTATTCTCAAGT,0.0,0.0,0.0,0.7580226239999999
MMMMMddddddddddMMMMM,MOE/5-methylcytosines/deoxy,*******************,TCTGCTAATTCTTTAGCTAT,0.0,0.0,0.0,0.7300705372857142
MMMMMddddddddddMMMMM,MOE/5-methylcytosines/deoxy,*******************,TAGAAATAAAATATCCCTCT,653.4689615941522,643.3956517437097,0.0,0.7111630595714286
MMMMMddddddddddMMMMM,MOE/5-methylcytosines/deoxy,*******************,AATAAACGCTTTTTCTTTTG,0.0,0.0,0.0,0.7511560267142857
MMMMMddddddddddMMMMM,MOE/5-methylcytosines/deoxy,*******************,AGGCTGAGGAAGGGTAGGGA,12071.193423200652,11808.468562613727,0.0,0.7363190999285714
MMMMMddddddddddMMMMM,MOE/5-methylcytosines/deoxy,*******************,TTAGAAGCAGTATTAATGTA,0.0,0.0,0.0,0.7345040682142857
MMMMMddddddddddMMMMM,MOE/5-methylcytosines/deoxy,*******************,TAACAAATCTGGACATCTTT,0.0,0.0,0.0,0.7154465584285715
MMMMMddddddddddMMMMM,MOE/5-methylcytosines/deoxy,*******************,TCTTCATTTAAATTCATATC,0.0,0.0,0.0,0.7380610666428572
MMMMMddddddddddMMMMM,MOE/5-methylcytosines/deoxy,*******************,TAATAAACGCTTTTTCTTTT,0.0,0.0,0.0,0.7321860947857143
MMMMMddddddddddMMMMM,MOE/5-methylcytosines/deoxy,*******************,TCATTTTTTCAAAAAGTTCT,0.0,0.0,0.0,0.7452344840714286
MMMMMddddddddddMMMMM,MOE/5-methylcytosines/deoxy,*******************,TTTTTCCAAAATGTCTAATA,0.0,0.0,0.0,0.7257736137857143
MMMMMddddddddddMMMMM,MOE/5-methylcytosines/deoxy,*******************,TTTAGAAAAAGAGCCAAGAA,0.0,0.0,0.0,0.7108702385000001
MMMMMddddddddddMMMMM,MOE/5-methylcytosines/deoxy,*******************,CAAAAGATGCTGAAGAATAG,0.0,0.0,0.0,0.7405709137857143
MMMMMddddddddddMMMMM,MOE/5-methylcytosines/deoxy,*******************,GGCAATTTTAGAATCTAAAA,0.0,0.0,0.0,0.7456787746428571
MMMMMddddddddddMMMMM,MOE/5-methylcytosines/deoxy,*******************,CAGTGTCCTAATATTTAAAT,0.0,0.0,0.0,0.725197046
MMMMMddddddddddMMMMM,MOE/5-methylcytosines/deoxy,*******************,TTCATACTTATTTTCATTTA,0.0,0.0,0.0,0.753765471642857
MMMMMddddddddddMMMMM,MOE/5-methylcytosines/deoxy,*******************,GGCTGAGGAAGGGTAGGGAG,3963.46906765637,3068.369911399822,0.0,0.7285634517142858
MMMMMddddddddddMMMMM,MOE/5-methylcytosines/deoxy,*******************,ATAACTCAAACAAATCTTCT,0.0,0.0,0.0,0.7053055247857143
MMMMMddddddddddMMMMM,MOE/5-methylcytosines/deoxy,*******************,GCTGAGGAAGGGTAGGGAGT,2834.3735177596527,1944.469447304215,0.0,0.7273421569285715
MMMMMddddddddddMMMMM,MOE/5-methylcytosines/deoxy,*******************,TTTTTCTTAATCGATTTCTT,0.0,0.0,0.0,0.7335464399999999
MMMMMddddddddddMMMMM,MOE/5-methylcytosines/deoxy,*******************,CAAGGAAGGCACGGGGGAGG,10918.249620632281,9082.405869719169,1065317134094.1226,0.719392962357143
MMMMMddddddddddMMMMM,MOE/5-methylcytosines/deoxy,*******************,TTATTAAGTTCTGAATCATA,0.0,0.0,0.0,0.7445604798571429
MMMMMddddddddddMMMMM,MOE/5-methylcytosines/deoxy,*******************,CAAAATGTATTCTCAAGTTT,0.0,0.0,0.0,0.7698038244285714
MMMMMddddddddddMMMMM,MOE/5-methylcytosines/deoxy,*******************,GGAGGAGAATTTTGTCCTCC,4641.679560217989,3594.8033028102027,3037849146.677479,0.7372609380714286
MMMMMddddddddddMMMMM,MOE/5-methylcytosines/deoxy,*******************,ATCATTTTTTCAAAAAGTTC,0.0,0.0,0.0,0.7473682253571428
MMMMMddddddddddMMMMM,MOE/5-methylcytosines/deoxy,*******************,AAATCATCCACAAAATTCAG,0.0,0.0,0.0,0.6994484602142857
MMMMMddddddddddMMMMM,MOE/5-methylcytosines/deoxy,*******************,AAACTGAGACTTAAAAGCTT,0.0,0.0,0.0,0.7241197856428572
MMMMMddddddddddMMMMM,MOE/5-methylcytosines/deoxy,*******************,GAGGCTGAGGAAGGGTAGGG,12986.409766077519,12781.204580102218,0.0,0.7359195802142857
MMMMMddddddddddMMMMM,MOE/5-methylcytosines/deoxy,*******************,CAAACTGAAGCTTAAAGAGA,0.0,0.0,0.0,0.7494704459285716
MMMMMddddddddddMMMMM,MOE/5-methylcytosines/deoxy,*******************,CTTAAGACTTCCTGTCTTAG,2860.580315543314,2010.2419285574335,0.0,0.7291770033571428
MMMMMddddddddddMMMMM,MOE/5-methylcytosines/deoxy,*******************,ATTTTTCTTTACAACTTTTT,0.0,0.0,0.0,0.7725130990714285
MMMMMddddddddddMMMMM,MOE/5-methylcytosines/deoxy,*******************,TTAGAAAAAGAGCCAAGAAG,0.0,0.0,0.0,0.6987057170000001
MMMMMddddddddddMMMMM,MOE/5-methylcytosines/deoxy,*******************,AAGCTTAAAGAGAATAGCAC,0.0,0.0,0.0,0.7118837422142857
MMMMMddddddddddMMMMM,MOE/5-methylcytosines/deoxy,*******************,TCAGTGTCCTAATATTTAAA,0.0,0.0,0.0,0.7189572123571428
MMMMMddddddddddMMMMM,MOE/5-methylcytosines/deoxy,*******************,GAGGAGGTGGTGGGGGAGGA,12686.651721277063,10845.799169895065,39039101150181.516,0.7454626846428571
MMMMMddddddddddMMMMM,MOE/5-methylcytosines/deoxy,*******************,GTTCTTTAATTTTTTTCTTA,0.0,0.0,0.0,0.7375982995714285
MMMMMddddddddddMMMMM,MOE/5-methylcytosines/deoxy,*******************,ATTTTTAGAAAAAGAGCCAA,0.0,0.0,0.0,0.7356644642857143
MMMMMddddddddddMMMMM,MOE/5-methylcytosines/deoxy,*******************,AATCTAAATCTAGTCTTTTT,0.0,0.0,0.0,0.7193999881428572
MMMMMddddddddddMMMMM,MOE/5-methylcytosines/deoxy,*******************,AAATTTCTTGTAAAGTTCTG,0.0,0.0,0.0,0.7773435167857141
MMMMMddddddddddMMMMM,MOE/5-methylcytosines/deoxy,*******************,AAGTGGAGGAGGTGGTGGGG,10744.554213755691,8570.65453449641,20545016159439.29,0.7305366180714284
MMMMMddddddddddMMMMM,MOE/5-methylcytosines/deoxy,*******************,TTCATTTAAATTCATATCTT,0.0,0.0,0.0,0.7305785381428571
MMMMMddddddddddMMMMM,MOE/5-methylcytosines/deoxy,*******************,TTAAGACTTCCTGTCTTAGA,2860.580315543314,2010.2419285574335,0.0,0.7360737490714285
MMMMMddddddddddMMMMM,MOE/5-methylcytosines/deoxy,*******************,GGAGGTGGTGGGGGAGGAGG,13481.621688239304,11500.617496705869,11300375909363.014,0.7423283503571428
MMMMMddddddddddMMMMM,MOE/5-methylcytosines/deoxy,*******************,AGGAAGGCACGGGGGAGGGG,14721.854027291518,12699.142714594936,9884480188374.277,0.7129159314285715
MMMMMddddddddddMMMMM,MOE/5-methylcytosines/deoxy,*******************,AGTGGAGGCGGAGGAGGAAG,12554.065049905399,11061.940013282048,0.0,0.7196617015714286
MMMMMddddddddddMMMMM,MOE/5-methylcytosines/deoxy,*******************,GCTGGCAAATTTGTCCAGCA,342.7571476233711,327.2415673504356,0.0,0.7361041740714285
MMMMMddddddddddMMMMM,MOE/5-methylcytosines/deoxy,*******************,TATTTAAATGAAACTTGGGG,0.0,0.0,0.0,0.7343516182142856
MMMMMddddddddddMMMMM,MOE/5-methylcytosines/deoxy,*******************,AAATCTAAATCTAGTCTTTT,0.0,0.0,0.0,0.709145078357143
MMMMMddddddddddMMMMM,MOE/5-methylcytosines/deoxy,*******************,GTGGTGGGGGAGGAGGTGGA,12850.202901383629,10981.011742211718,11735559362334.617,0.7218845680714285
MMMMMddddddddddMMMMM,MOE/5-methylcytosines/deoxy,*******************,AACTGATTCATTTTTAGAAA,0.0,0.0,0.0,0.7328722815
MMMMMddddddddddMMMMM,MOE/5-methylcytosines/deoxy,*******************,TTCCAAAATGTCTAATAATA,0.0,0.0,0.0,0.7418559847142857
MMMMMddddddddddMMMMM,MOE/5-methylcytosines/deoxy,*******************,TTTTCAAAAAGTTCTAAGAG,0.0,0.0,0.0,0.7378271557142858
MMMMMddddddddddMMMMM,MOE/5-methylcytosines/deoxy,*******************,CCTTATAAAATAATCATTTC,0.0,0.0,0.0,0.6987582277857144
MMMMMddddddddddMMMMM,MOE/5-methylcytosines/deoxy,*******************,CAGCAAAAGATGCTGAAGAA,0.0,0.0,0.0,0.7335636558571428
MMMMMddddddddddMMMMM,MOE/5-methylcytosines/deoxy,*******************,AGGTGGTGGGGGAGGAGGTG,12719.231880769634,10838.90655148224,12973227095003.572,0.7189575802142857
MMMMMddddddddddMMMMM,MOE/5-methylcytosines/deoxy,*******************,CCTTCCACAATACAAAAAAA,4485.487687293538,3394.2344516278913,0.0,0.7278722560714286
MMMMMddddddddddMMMMM,MOE/5-methylcytosines/deoxy,*******************,GGAGGAGGTGGTGGGGGAGG,13196.760559307815,11260.958374186612,2046094274161797.0,0.7506903728571429
MMMMMddddddddddMMMMM,MOE/5-methylcytosines/deoxy,*******************,GAAGTTAAAGCTTCTAAAAC,0.0,0.0,0.0,0.7115123672857143
MMMMMddddddddddMMMMM,MOE/5-methylcytosines/deoxy,*******************,TAAAGCTTCTAAAACTTCTT,0.0,0.0,0.0,0.7366732454285714
MMMMMddddddddddMMMMM,MOE/5-methylcytosines/deoxy,*******************,AGCAAAAGATGCTGAAGAAT,0.0,0.0,0.0,0.7462169208571429
MMMMMddddddddddMMMMM,MOE/5-methylcytosines/deoxy,*******************,TCATTTAAATTCATATCTTC,0.0,0.0,0.0,0.7135427142142857
MMMMMddddddddddMMMMM,MOE/5-methylcytosines/deoxy,*******************,CGAATCAGCAAAAGATGCTG,0.0,0.0,0.0,0.7034046347857144
MMMMMddddddddddMMMMM,MOE/5-methylcytosines/deoxy,*******************,TATTGTTGCCTTATAAAATA,0.0,0.0,0.0,0.7400750844285715
MMMMMddddddddddMMMMM,MOE/5-methylcytosines/deoxy,*******************,GCTGAAGAATAGAAATAAAA,0.0,0.0,0.0,0.7268283375714286
MMMMMddddddddddMMMMM,MOE/5-methylcytosines/deoxy,*******************,AGTGTCTAGATTATAATTAA,0.0,0.0,0.0,0.7623522745714286
MMMMMddddddddddMMMMM,MOE/5-methylcytosines/deoxy,*******************,TATTTTCATTTACTTTTATC,0.0,0.0,0.0,0.7495847969285715
MMMMMddddddddddMMMMM,MOE/5-methylcytosines/deoxy,*******************,AATGTCTAATAATAATCCAA,0.0,0.0,0.0,0.7093153752142857
MMMMMddddddddddMMMMM,MOE/5-methylcytosines/deoxy,*******************,CTCTTCAAACTGAAGCTTAA,0.0,0.0,0.0,0.6879459900714286
MMMMMddddddddddMMMMM,MOE/5-methylcytosines/deoxy,*******************,ATAGAAATAAAATATCCCTC,0.0,0.0,0.0,0.7091795689285714
MMMMMddddddddddMMMMM,MOE/5-methylcytosines/deoxy,*******************,CATTTTTTCAAAAAGTTCTA,0.0,0.0,0.0,0.7329567688571429
MMMMMddddddddddMMMMM,MOE/5-methylcytosines/deoxy,*******************,TCATCAATTAATTTGAAGTA,0.0,0.0,0.0,0.7221157707857142
MMMMMddddddddddMMMMM,MOE/5-methylcytosines/deoxy,*******************,TTTTCCAAAATGTCTAATAA,0.0,0.0,0.0,0.7207466535000001
MMMMMddddddddddMMMMM,MOE/5-methylcytosines/deoxy,*******************,TTTTCATACTTATTTTCATT,0.0,0.0,0.0,0.7186960446428572
MMMMMddddddddddMMMMM,MOE/5-methylcytosines/deoxy,*******************,AAGGAAGGCACGGGGGAGGG,13238.993171975848,11118.447234643143,4110500697376.79,0.7181716675714286
MMMMMddddddddddMMMMM,MOE/5-methylcytosines/deoxy,*******************,TTTATTAAGTTCTGAATCAT,0.0,0.0,0.0,0.746694221142857
MMMMMddddddddddMMMMM,MOE/5-methylcytosines/deoxy,*******************,AAGTTCTTTAATTTTTTTCT,0.0,0.0,0.0,0.7525497769999999
MMMMMddddddddddMMMMM,MOE/5-methylcytosines/deoxy,*******************,TTATTTTCATTTACTTTTAT,0.0,0.0,0.0,0.7508058552142857
MMMMMddddddddddMMMMM,MOE/5-methylcytosines/deoxy,*******************,TTTCATACTTATTTTCATTT,0.0,0.0,0.0,0.7435105618571429
MMMMMddddddddddMMMMM,MOE/5-methylcytosines/deoxy,*******************,CTTCAAACTGAAGCTTAAAG,0.0,0.0,0.0,0.7228703274285715
MMMMMddddddddddMMMMM,MOE/5-methylcytosines/deoxy,*******************,AACTGAAGCTTAAAGAGAAT,0.0,0.0,0.0,0.7240649902142858
MMMMMddddddddddMMMMM,MOE/5-methylcytosines/deoxy,*******************,GGGGGAGGAGGTGGAGGCGG,15256.988885868253,13778.196396510102,1478931170832685.5,0.7396339524285714
MMMMMddddddddddMMMMM,MOE/5-methylcytosines/deoxy,*******************,CATTTTAAATTTGGCAATAT,0.0,0.0,0.0,0.7306776940714286
MMMMMddddddddddMMMMM,MOE/5-methylcytosines/deoxy,*******************,TAAACTCTTTTTCAAATTTC,0.0,0.0,0.0,0.7660196702857143
MMMMMddddddddddMMMMM,MOE/5-methylcytosines/deoxy,*******************,ATTTTTTTCTTAATCGATTT,0.0,0.0,0.0,0.7430641539285714
MMMMMddddddddddMMMMM,MOE/5-methylcytosines/deoxy,*******************,TTTTTTCAAAAAGTTCTAAG,0.0,0.0,0.0,0.7103313077142858
MMMMMddddddddddMMMMM,MOE/5-methylcytosines/deoxy,*******************,CTGATTCATTTTTAGAAAAA,0.0,0.0,0.0,0.7565172014285715
MMMMMddddddddddMMMMM,MOE/5-methylcytosines/deoxy,*******************,TTTCAAATTTCTTGTAAAGT,0.0,0.0,0.0,0.7440611682857143
MMMMMddddddddddMMMMM,MOE/5-methylcytosines/deoxy,*******************,AATCTGTCAATTTTTTTTTC,0.0,0.0,0.0,0.7466701422857144
MMMMMddddddddddMMMMM,MOE/5-methylcytosines/deoxy,*******************,ATGCTGAAGAATAGAAATAA,0.0,0.0,0.0,0.7339561295
MMMMMddddddddddMMMMM,MOE/5-methylcytosines/deoxy,*******************,AAACTGAAGCTTAAAGAGAA,0.0,0.0,0.0,0.7180510026428572
MMMMMddddddddddMMMMM,MOE/5-methylcytosines/deoxy,*******************,AAATAATCATTTCGAATCAG,0.0,0.0,0.0,0.7607627248571429
MMMMMddddddddddMMMMM,MOE/5-methylcytosines/deoxy,*******************,TCCACAATACAAAAAAATCT,0.0,0.0,0.0,0.7085115882857143
MMMMMddddddddddMMMMM,MOE/5-methylcytosines/deoxy,*******************,TGGGGGAGGAGGTGGAGGCG,13984.827891632263,12555.593231205394,994749384591715.8,0.7305366180714284
MMMMMddddddddddMMMMM,MOE/5-methylcytosines/deoxy,*******************,TGCTGGCAAATTTGTCCAGC,174.6731506905436,170.62506531253243,0.0,0.7290200281428572
MMMMMddddddddddMMMMM,MOE/5-methylcytosines/deoxy,*******************,TCAGGAGGGGGAAAGGTTTC,7431.540984957163,6371.820264289964,13196025787.824787,0.7357091749285714
MMMMMddddddddddMMMMM,MOE/5-methylcytosines/deoxy,*******************,TTTCCAAAATGTCTAATAAT,0.0,0.0,0.0,0.7540205062142858
MMMMMddddddddddMMMMM,MOE/5-methylcytosines/deoxy,*******************,TAACTCAAACAAATCTTCTT,0.0,0.0,0.0,0.7024645507142857
MMMMMddddddddddMMMMM,MOE/5-methylcytosines/deoxy,*******************,CCTTCCAGGGTCAAGGAAGG,7265.087620310389,7179.319256378596,0.0,0.7361506159285715
MMMMMddddddddddMMMMM,MOE/5-methylcytosines/deoxy,*******************,AAAATGTATTCTCAAGTTTA,0.0,0.0,0.0,0.735814617
MMMMMddddddddddMMMMM,MOE/5-methylcytosines/deoxy,*******************,ATTATACTCTGGTATAACTT,0.0,0.0,0.0,0.7340466348571428
MMMMMddddddddddMMMMM,MOE/5-methylcytosines/deoxy,*******************,TTAATGCATTTTAAATTTGG,0.0,0.0,0.0,0.7481730107142858
MMMMMddddddddddMMMMM,MOE/5-methylcytosines/deoxy,*******************,ATTTTAAATTTGGCAATATC,0.0,0.0,0.0,0.7285472547142856
MMMMMddddddddddMMMMM,MOE/5-methylcytosines/deoxy,*******************,TATTATACTCTGGTATAACT,0.0,0.0,0.0,0.7222461363571427
MMMMMddddddddddMMMMM,MOE/5-methylcytosines/deoxy,*******************,CTATTATACTCTGGTATAAC,0.0,0.0,0.0,0.7291110409285714
MMMMMddddddddddMMMMM,MOE/5-methylcytosines/deoxy,*******************,GTGGGGGAGGAGGTGGAGGC,13729.73160278757,12295.533778530642,173957326648653.5,0.7259153041428572
MMMMMddddddddddMMMMM,MOE/5-methylcytosines/deoxy,*******************,TTTTCAAATTTCTTGTAAAG,0.0,0.0,0.0,0.7291538845714286
MMMMMddddddddddMMMMM,MOE/5-methylcytosines/deoxy,*******************,CTCAGGAGGGGGAAAGGTTT,7663.551206793432,6615.630530601403,13196025787.824787,0.7132772840714287
MMMMMddddddddddMMMMM,MOE/5-methylcytosines/deoxy,*******************,GGTGGGGGAGGAGGTGGAGG,14348.911830108898,12812.518648020534,173951056291794.1,0.7332437602857144
MMMMMddddddddddMMMMM,MOE/5-methylcytosines/deoxy,*******************,GGTGGTGGGGGAGGAGGTGG,13306.468399150815,11363.362003089196,16858895446272.48,0.7260422603571428
MMMMMddddddddddMMMMM,MOE/5-methylcytosines/deoxy,*******************,GAATCAGCAAAAGATGCTGA,0.0,0.0,0.0,0.7095556315
MMMMMddddddddddMMMMM,MOE/5-methylcytosines/deoxy,*******************,AGCAGTATTAATGTACTGCA,0.0,0.0,0.0,0.7288074384285714
MMMMMddddddddddMMMMM,MOE/5-methylcytosines/deoxy,*******************,GAGGTGGTGGGGGAGGAGGT,12761.744491617557,10879.989479243244,11061000549242.832,0.7300506351428572
MMMMMddddddddddMMMMM,MOE/5-methylcytosines/deoxy,*******************,TTTTTCAAATTTCTTGTAAA,0.0,0.0,0.0,0.7304621372857143
MMMMMddddddddddMMMMM,MOE/5-methylcytosines/deoxy,*******************,AAGCAGTATTAATGTACTGC,0.0,0.0,0.0,0.7363945356428571
MMMMMddddddddddMMMMM,MOE/5-methylcytosines/deoxy,*******************,AATTTTTTTCTTAATCGATT,0.0,0.0,0.0,0.7488186154285714
MMMMMddddddddddMMMMM,MOE/5-methylcytosines/deoxy,*******************,TCCAAAATGTCTAATAATAA,0.0,0.0,0.0,0.7455600623571428
MMMMMddddddddddMMMMM,MOE/5-methylcytosines/deoxy,*******************,AATCAGCAAAAGATGCTGAA,0.0,0.0,0.0,0.6895750267142856
MMMMMddddddddddMMMMM,MOE/5-methylcytosines/deoxy,*******************,CTAATCAGTTTTTCCAAAAT,0.0,0.0,0.0,0.7610432644999999
MMMMMddddddddddMMMMM,MOE/5-methylcytosines/deoxy,*******************,TTAAATCTAAATCTAGTCTT,0.0,0.0,0.0,0.7295125438571428
MMMMMddddddddddMMMMM,MOE/5-methylcytosines/deoxy,*******************,TGGTGGGGGAGGAGGTGGAG,13998.95554996733,12331.622424481942,11792141515229.416,0.7265058819999999
MMMMMddddddddddMMMMM,MOE/5-methylcytosines/deoxy,*******************,TTTATCTTCATTTAAATTCA,0.0,0.0,0.0,0.7347357643571427
MMMMMddddddddddMMMMM,MOE/5-methylcytosines/deoxy,*******************,ACTTAAGTTCTTTAATTTTT,0.0,0.0,0.0,0.7506549292142858
MMMMMddddddddddMMMMM,MOE/5-methylcytosines/deoxy,*******************,AGTTAAAGCTTCTAAAACTT,0.0,0.0,0.0,0.7201688217142858
MMMMMddddddddddMMMMM,MOE/5-methylcytosines/deoxy,*******************,CATCATTTTTTCAAAAAGTT,0.0,0.0,0.0,0.7571375200714286
MMMMMddddddddddMMMMM,MOE/5-methylcytosines/deoxy,*******************,AGTGGAGGAGGTGGTGGGGG,11646.302414541473,9834.283989104986,519328330104564.7,0.7396339524285714
MMMMMddddddddddMMMMM,MOE/5-methylcytosines/deoxy,*******************,TTTTTCAAAAAGTTCTAAGA,0.0,0.0,0.0,0.6969916091428571
MMMMMddddddddddMMMMM,MOE/5-methylcytosines/deoxy,*******************,CATCAATTAATTTGAAGTAT,0.0,0.0,0.0,0.7344134152857144
MMMMMddddddddddMMMMM,MOE/5-methylcytosines/deoxy,*******************,AAATGTCTAATAATAATCCA,0.0,0.0,0.0,0.7204099007857142
MMMMMddddddddddMMMMM,MOE/5-methylcytosines/deoxy,*******************,TAAATCTAAATCTAGTCTTT,0.0,0.0,0.0,0.7172348286428571
MMMMMddddddddddMMMMM,MOE/5-methylcytosines/deoxy,*******************,ATATTTAAATGAAACTTGGG,0.0,0.0,0.0,0.7355726765
MMMMMddddddddddMMMMM,MOE/5-methylcytosines/deoxy,*******************,TCTTCAAACTGAAGCTTAAA,0.0,0.0,0.0,0.7251613816428572
MMMMMddddddddddMMMMM,MOE/5-methylcytosines/deoxy,*******************,TAATCAGTTTTTCCAAAATG,0.0,0.0,0.0,0.7602558287857143
MMMMMddddddddddMMMMM,MOE/5-methylcytosines/deoxy,*******************,TGCTGAAGAATAGAAATAAA,0.0,0.0,0.0,0.7262004812857142
MMMMMddddddddddMMMMM,MOE/5-methylcytosines/deoxy,*******************,CTTAATGCATTTTAAATTTG,0.0,0.0,0.0,0.7592675362857142
MMMMMddddddddddMMMMM,MOE/5-methylcytosines/deoxy,*******************,CTTCCACAATACAAAAAAAT,0.0,0.0,0.0,0.7196271700714287
MMMMMddddddddddMMMMM,MOE/5-methylcytosines/deoxy,*******************,GATTCATTTTTAGAAAAAGA,0.0,0.0,0.0,0.7420970617142857
MMMMMddddddddddMMMMM,MOE/5-methylcytosines/deoxy,*******************,AGGAGGTGGTGGGGGAGGAG,12958.300871217096,10971.421512424,10845524009036.826,0.7500839985714284
MMMMMddddddddddMMMMM,MOE/5-methylcytosines/deoxy,*******************,ATTCTTAATGCATTTTAAAT,0.0,0.0,0.0,0.7188188440714285
MMMMMddddddddddMMMMM,MOE/5-methylcytosines/deoxy,*******************,ATTTTTTCAAAAAGTTCTAA,0.0,0.0,0.0,0.7176028084285714
MMMMMddddddddddMMMMM,MOE/5-methylcytosines/deoxy,*******************,ATACAAAAAAATCTGTCAAT,0.0,0.0,0.0,0.7001845844285713
MMMMMddddddddddMMMMM,MOE/5-methylcytosines/deoxy,*******************,AAAATAATCATTTCGAATCA,0.0,0.0,0.0,0.7272965809999999
MMMMMddddddddddMMMMM,MOE/5-methylcytosines/deoxy,*******************,CTTAAGTTCTTTAATTTTTT,0.0,0.0,0.0,0.7412226313571428
MMMMMddddddddddMMMMM,MOE/5-methylcytosines/deoxy,*******************,TTAAGTTCTTTAATTTTTTT,0.0,0.0,0.0,0.7533713155714287
MMMMMddddddddddMMMMM,MOE/5-methylcytosines/deoxy,*******************,GAATAGAAATAAAATATCCC,0.0,0.0,0.0,0.69943437
MMMMMddddddddddMMMMM,MOE/5-methylcytosines/deoxy,*******************,TTTAATTTTTTTCTTAATCG,0.0,0.0,0.0,0.7697774303571429
MMMMMddddddddddMMMMM,MOE/5-methylcytosines/deoxy,*******************,CAATTAATTTGAAGTATTGT,0.0,0.0,0.0,0.7606197279285715
MMMMMddddddddddMMMMM,MOE/5-methylcytosines/deoxy,*******************,TGAAGTTAAAGCTTCTAAAA,0.0,0.0,0.0,0.742344502
MMMMMddddddddddMMMMM,MOE/5-methylcytosines/deoxy,*******************,TCAGCAAAAGATGCTGAAGA,0.0,0.0,0.0,0.7270451414285715
MMMMMddddddddddMMMMM,MOE/5-methylcytosines/deoxy,*******************,ACAATACAAAAAAATCTGTC,0.0,0.0,0.0,0.6956975692857144
MMMMMddddddddddMMMMM,MOE/5-methylcytosines/deoxy,*******************,CTTATAAAATAATCATTTCG,0.0,0.0,0.0,0.7019565831428572
MMMMMddddddddddMMMMM,MOE/5-methylcytosines/deoxy,*******************,TAATTTTTTTCTTAATCGAT,0.0,0.0,0.0,0.7560901161428571
MMMMMddddddddddMMMMM,MOE/5-methylcytosines/deoxy,*******************,TTCTTAATGCATTTTAAATT,0.0,0.0,0.0,0.7192183637857142
MMMMMddddddddddMMMMM,MOE/5-methylcytosines/deoxy,*******************,TTAATTTTTTTCTTAATCGA,0.0,0.0,0.0,0.7593488662142857
MMMMMddddddddddMMMMM,MOE/5-methylcytosines/deoxy,*******************,TATCTTCATTTAAATTCATA,0.0,0.0,0.0,0.7495847969285715
MMMMMddddddddddMMMMM,MOE/5-methylcytosines/deoxy,*******************,TAAAATAATCATTTCGAATC,0.0,0.0,0.0,0.7240826245
MMMMMddddddddddMMMMM,MOE/5-methylcytosines/deoxy,*******************,TTATCTTCATTTAAATTCAT,0.0,0.0,0.0,0.7508058552142857
MMMMMddddddddddMMMMM,MOE/5-methylcytosines/deoxy,*******************,TTCCACAATACAAAAAAATC,0.0,0.0,0.0,0.7208012886428572
MMMMMddddddddddMMMMM,MOE/5-methylcytosines/deoxy,*******************,CATTCTTAATGCATTTTAAA,0.0,0.0,0.0,0.7416159720000001
MMMMMddddddddddMMMMM,MOE/5-methylcytosines/deoxy,*******************,TCAATTAATTTGAAGTATTG,0.0,0.0,0.0,0.7254628502857142
MMMMMddddddddddMMMMM,MOE/5-methylcytosines/deoxy,*******************,TCTTAATGCATTTTAAATTT,0.0,0.0,0.0,0.7300052575714286
MMMMMddddddddddMMMMM,MOE/5-methylcytosines/deoxy,*******************,GAATCTAAAAACTTAAGTTC,0.0,0.0,0.0,0.7160726732857142
MMMMMddddddddddMMMMM,MOE/5-methylcytosines/deoxy,*******************,TACAAAAAAATCTGTCAATT,0.0,0.0,0.0,0.7039695041428571
MMMMMddddddddddMMMMM,MOE/5-methylcytosines/deoxy,*******************,AATTAATTTGAAGTATTGTT,0.0,0.0,0.0,0.7484552064285713
MMMMMddddddddddMMMMM,MOE/5-methylcytosines/deoxy,*******************,AACTTAAGTTCTTTAATTTT,0.0,0.0,0.0,0.7500270729285713
MMMMMddddddddddMMMMM,MOE/5-methylcytosines/deoxy,*******************,ATCAGCAAAAGATGCTGAAG,0.0,0.0,0.0,0.7254167601428572
MMMMMddddddddddMMMMM,MOE/5-methylcytosines/deoxy,*******************,TAAGTTCTTTAATTTTTTTC,0.0,0.0,0.0,0.7521502572857142
MMMMMddddddddddMMMMM,MOE/5-methylcytosines/deoxy,*******************,CTTTTTATCTTCATTTAAAT,0.0,0.0,0.0,0.7344177712857143
MMMMMddddddddddMMMMM,MOE/5-methylcytosines/deoxy,*******************,AAACTGGGTTAAATCTAAAT,0.0,0.0,0.0,0.7425976592857143
MMMMMddddddddddMMMMM,MOE/5-methylcytosines/deoxy,*******************,TTTTTTTCTTAATCGATTTC,0.0,0.0,0.0,0.742951682
MMMMMddddddddddMMMMM,MOE/5-methylcytosines/deoxy,*******************,ACAAAAAAATCTGTCAATTT,0.0,0.0,0.0,0.7016181556428572
MMMMMddddddddddMMMMM,MOE/5-methylcytosines/deoxy,*******************,TCTAAAAACTTAAGTTCTTT,0.0,0.0,0.0,0.7055224482142858
MMMMMddddddddddMMMMM,MOE/5-methylcytosines/deoxy,*******************,TTTTATCTTCATTTAAATTC,0.0,0.0,0.0,0.7368662037142856
MMMMMddddddddddMMMMM,MOE/5-methylcytosines/deoxy,*******************,AAACAAATCTTCTTCTTTAT,0.0,0.0,0.0,0.7323994062142857
MMMMMddddddddddMMMMM,MOE/5-methylcytosines/deoxy,*******************,ATCAATTAATTTGAAGTATT,0.0,0.0,0.0,0.7326459492857144
MMMMMddddddddddMMMMM,MOE/5-methylcytosines/deoxy,*******************,TTCTTTAATTTTTTTCTTAA,0.0,0.0,0.0,0.7453501620714286
MMMMMddddddddddMMMMM,MOE/5-methylcytosines/deoxy,*******************,TGATTCATTTTTAGAAAAAG,0.0,0.0,0.0,0.7543867620714284
MMMMMddddddddddMMMMM,MOE/5-methylcytosines/deoxy,*******************,AAAAAATCTGTCAATTTTTT,0.0,0.0,0.0,0.7531687962857143
MMMMMddddddddddMMMMM,MOE/5-methylcytosines/deoxy,*******************,ATAAAATAATCATTTCGAAT,0.0,0.0,0.0,0.7148977106428571
MMMMMddddddddddMMMMM,MOE/5-methylcytosines/deoxy,*******************,TAAAAACTTAAGTTCTTTAA,0.0,0.0,0.0,0.7268085544285714
MMMMMddddddddddMMMMM,MOE/5-methylcytosines/deoxy,*******************,TTATAAAATAATCATTTCGA,0.0,0.0,0.0,0.7042303027142857
MMMMMddddddddddMMMMM,MOE/5-methylcytosines/deoxy,*******************,CAAAAAAATCTGTCAATTTT,0.0,0.0,0.0,0.7020797425714286
MMMMMddddddddddMMMMM,MOE/5-methylcytosines/deoxy,*******************,TGAAGAATAGAAATAAAATA,0.0,0.0,0.0,0.7183590560714286
MMMMMddddddddddMMMMM,MOE/5-methylcytosines/deoxy,*******************,AATAGAAATAAAATATCCCT,0.0,0.0,0.0,0.6987112880714286
MMMMMddddddddddMMMMM,MOE/5-methylcytosines/deoxy,*******************,CTGAAGAATAGAAATAAAAT,0.0,0.0,0.0,0.7326243454999999
MMMMMddddddddddMMMMM,MOE/5-methylcytosines/deoxy,*******************,AAGTTAAAGCTTCTAAAACT,0.0,0.0,0.0,0.7093819279285715
MMMMMddddddddddMMMMM,MOE/5-methylcytosines/deoxy,*******************,GAAGAATAGAAATAAAATAT,0.0,0.0,0.0,0.719533174642857
MMMMMddddddddddMMMMM,MOE/5-methylcytosines/deoxy,*******************,TCTTTAATTTTTTTCTTAAT,0.0,0.0,0.0,0.7593407930714287
MMMMMddddddddddMMMMM,MOE/5-methylcytosines/deoxy,*******************,AGAATCTAAAAACTTAAGTT,0.0,0.0,0.0,0.710458067357143
MMMMMddddddddddMMMMM,MOE/5-methylcytosines/deoxy,*******************,ATCTAAAAACTTAAGTTCTT,0.0,0.0,0.0,0.7032711982142859
MMMMMddddddddddMMMMM,MOE/5-methylcytosines/deoxy,*******************,CAATACAAAAAAATCTGTCA,0.0,0.0,0.0,0.6969916091428571
MMMMMddddddddddMMMMM,MOE/5-methylcytosines/deoxy,*******************,TTTTTATCTTCATTTAAATT,0.0,0.0,0.0,0.7490307252142857
MMMMMddddddddddMMMMM,MOE/5-methylcytosines/deoxy,*******************,CACAATACAAAAAAATCTGT,0.0,0.0,0.0,0.6969186275714286
MMMMMddddddddddMMMMM,MOE/5-methylcytosines/deoxy,*******************,CTAAAAACTTAAGTTCTTTA,0.0,0.0,0.0,0.7176236405714287
MMMMMddddddddddMMMMM,MOE/5-methylcytosines/deoxy,*******************,ATTCATTTTTAGAAAAAGAG,0.0,0.0,0.0,0.7462166488571428
MMMMMddddddddddMMMMM,MOE/5-methylcytosines/deoxy,*******************,AAAATGTCTAATAATAATCC,0.0,0.0,0.0,0.722941329857143
MMMMMddddddddddMMMMM,MOE/5-methylcytosines/deoxy,*******************,AATACAAAAAAATCTGTCAA,0.0,0.0,0.0,0.6878010208571429
MMMMMddddddddddMMMMM,MOE/5-methylcytosines/deoxy,*******************,AATCTAAAAACTTAAGTTCT,0.0,0.0,0.0,0.7029085975000001
MMMMMddddddddddMMMMM,MOE/5-methylcytosines/deoxy,*******************,CCAAAATGTCTAATAATAAT,0.0,0.0,0.0,0.7563469561428572
MMMMMddddddddddMMMMM,MOE/5-methylcytosines/deoxy,*******************,TATAAAATAATCATTTCGAA,0.0,0.0,0.0,0.7080152224285714
MMMMMddddddddddMMMMM,MOE/5-methylcytosines/deoxy,*******************,AAAAATCTGTCAATTTTTTT,0.0,0.0,0.0,0.7568728739285715
MMMMMddddddddddMMMMM,MOE/5-methylcytosines/deoxy,*******************,TCCTAATATTTAAATGAAAC,0.0,0.0,0.0,0.7361242799285714
MMMMMddddddddddMMMMM,MOE/5-methylcytosines/deoxy,*******************,TGTCCTAATATTTAAATGAA,0.0,0.0,0.0,0.7281746467857143
MMMMMddddddddddMMMMM,MOE/5-methylcytosines/deoxy,*******************,AAATCTGTCAATTTTTTTTT,0.0,0.0,0.0,0.7696867302142858
MMMMMddddddddddMMMMM,MOE/5-methylcytosines/deoxy,*******************,TAGAATCTAAAAACTTAAGT,0.0,0.0,0.0,0.7141629352142856
MMMMMddddddddddMMMMM,MOE/5-methylcytosines/deoxy,*******************,AAAAACTTAAGTTCTTTAAT,0.0,0.0,0.0,0.7501329132142857
MMMMMddddddddddMMMMM,MOE/5-methylcytosines/deoxy,*******************,AATATTTAAATGAAACTTGG,0.0,0.0,0.0,0.7243649194285714
MMMMMddddddddddMMMMM,MOE/5-methylcytosines/deoxy,*******************,AAAATCTGTCAATTTTTTTT,0.0,0.0,0.0,0.7544205197142857
MMMMMddddddddddMMMMM,MOE/5-methylcytosines/deoxy,*******************,GTCCTAATATTTAAATGAAA,0.0,0.0,0.0,0.7384153341428572
MMMMMddddddddddMMMMM,MOE/5-methylcytosines/deoxy,*******************,AAACTTAAGTTCTTTAATTT,0.0,0.0,0.0,0.7521608142142856
MMMMMddddddddddMMMMM,MOE/5-methylcytosines/deoxy,*******************,AGAATAGAAATAAAATATCC,0.0,0.0,0.0,0.7198915042857142
MMMMMddddddddddMMMMM,MOE/5-methylcytosines/deoxy,*******************,AAAACTTAAGTTCTTTAATT,0.0,0.0,0.0,0.7517612945
MMMMMddddddddddMMMMM,MOE/5-methylcytosines/deoxy,*******************,TTTAGAATCTAAAAACTTAA,0.0,0.0,0.0,0.6992246713571427
MMMMMddddddddddMMMMM,MOE/5-methylcytosines/deoxy,*******************,AAAAAAATCTGTCAATTTTT,0.0,0.0,0.0,0.7554598505000002
MMMMMddddddddddMMMMM,MOE/5-methylcytosines/deoxy,*******************,CTTTAATTTTTTTCTTAATC,0.0,0.0,0.0,0.762645351
MMMMMddddddddddMMMMM,MOE/5-methylcytosines/deoxy,*******************,CCTAATATTTAAATGAAACT,0.0,0.0,0.0,0.7426427943571429
MMMMMddddddddddMMMMM,MOE/5-methylcytosines/deoxy,*******************,TTAGAATCTAAAAACTTAAG,0.0,0.0,0.0,0.712349601857143
MMMMMddddddddddMMMMM,MOE/5-methylcytosines/deoxy,*******************,GCAATTTTAGAATCTAAAAA,0.0,0.0,0.0,0.7444577163571429
MMMMMddddddddddMMMMM,MOE/5-methylcytosines/deoxy,*******************,AAGAATAGAAATAAAATATC,0.0,0.0,0.0,0.7303200684285713
MMMMMddddddddddMMMMM,MOE/5-methylcytosines/deoxy,*******************,CAAAATGTCTAATAATAATC,0.0,0.0,0.0,0.7569748124285715
MMMMMddddddddddMMMMM,MOE/5-methylcytosines/deoxy,*******************,CTAATATTTAAATGAAACTT,0.0,0.0,0.0,0.7405090530714286
MMMMMddddddddddMMMMM,MOE/5-methylcytosines/deoxy,*******************,TAATATTTAAATGAAACTTG,0.0,0.0,0.0,0.7411369093571428
MMMMMddddddddddMMMMM,MOE/5-methylcytosines/deoxy,*******************,TTTTAGAATCTAAAAACTTA,0.0,0.0,0.0,0.7079374264999999
MMMMMddddddddddMMMMM,MOE/5-methylcytosines/deoxy,*******************,ATTTTAGAATCTAAAAACTT,0.0,0.0,0.0,0.7297649715714286
MMMMMddddddddddMMMMM,MOE/5-methylcytosines/deoxy,*******************,CAATTTTAGAATCTAAAAAC,0.0,0.0,0.0,0.742327277
MMMMMddddddddddMMMMM,MOE/5-methylcytosines/deoxy,*******************,AATTTTAGAATCTAAAAACT,0.0,0.0,0.0,0.7401935357142857
